%Borehole ala1110-2 (Conventional Method)
%Measured in 2012 by E.Gurza Fausto, H.Beltrami, A.Montenegro, R.Harris and A.Tassara

%Location 28.66632S     70.9104W

41.0   23.521
41.1   23.522
41.2   23.524
41.3   23.525
41.4   23.524
41.5   23.525
41.6   23.525
41.7   23.527
41.8   23.527
41.9   23.527
42.0   23.528
42.1   23.529
42.2   23.529
42.3   23.529
42.4   23.529
42.5   23.530
42.6   23.531
42.7   23.531
42.8   23.532
42.9   23.533
43.0   23.533
43.1   23.535
43.2   23.535
43.3   23.535
43.4   23.536
43.5   23.536
43.6   23.536
43.7   23.537
43.8   23.538
43.9   23.539
44.0   23.539
44.1   23.539
44.2   23.539
44.3   23.540
44.4   23.540
44.5   23.541
44.6   23.542
44.7   23.542
44.8   23.542
44.9   23.542
45.0   23.543
45.1   23.542
45.2   23.543
45.3   23.544
45.4   23.543
45.5   23.543
45.6   23.544
45.7   23.544
45.8   23.545
45.9   23.546
46.0   23.547
46.1   23.547
46.2   23.547
46.3   23.548
46.4   23.548
46.5   23.549
46.6   23.549
46.7   23.549
46.8   23.548
46.9   23.549
47.0   23.549
47.1   23.549
47.2   23.550
47.3   23.550
47.4   23.549
47.5   23.550
47.6   23.551
47.7   23.551
47.8   23.551
47.9   23.552
48.0   23.552
48.1   23.552
48.2   23.552
48.3   23.553
48.4   23.553
48.5   23.554
48.6   23.555
48.7   23.555
48.8   23.555
48.9   23.555
49.0   23.556
49.1   23.557
49.2   23.557
49.3   23.557
49.4   23.558
49.5   23.558
49.6   23.559
49.7   23.560
49.8   23.560
49.9   23.560
50.0   23.560
50.1   23.561
50.2   23.561
50.3   23.562
50.4   23.562
50.5   23.562
50.6   23.562
50.7   23.562
50.8   23.562
50.9   23.564
51.0   23.563
51.1   23.564
51.2   23.564
51.3   23.564
51.4   23.565
51.5   23.566
51.6   23.565
51.7   23.566
51.8   23.566
51.9   23.566
52.0   23.567
52.1   23.568
52.2   23.568
52.3   23.568
52.4   23.569
52.5   23.569
52.6   23.569
52.7   23.570
52.8   23.570
52.9   23.570
53.0   23.571
53.1   23.571
53.2   23.571
53.3   23.572
53.4   23.571
53.5   23.572
53.6   23.572
53.7   23.572
53.8   23.573
53.9   23.573
54.0   23.573
54.1   23.573
54.2   23.573
54.3   23.573
54.4   23.574
54.5   23.574
54.6   23.574
54.7   23.575
54.8   23.575
54.9   23.575
55.0   23.575
55.1   23.575
55.2   23.576
55.3   23.577
55.4   23.577
55.5   23.577
55.6   23.578
55.7   23.578
55.8   23.579
55.9   23.579
56.0   23.579
56.1   23.579
56.2   23.579
56.3   23.580
56.4   23.581
56.5   23.581
56.6   23.581
56.7   23.581
56.8   23.582
56.9   23.582
57.0   23.582
57.1   23.583
57.2   23.583
57.3   23.584
57.4   23.584
57.5   23.585
57.6   23.584
57.7   23.584
57.8   23.585
57.9   23.586
58.0   23.586
58.1   23.587
58.2   23.588
58.3   23.588
58.4   23.589
58.5   23.589
58.6   23.590
58.7   23.590
58.8   23.596
58.9   23.599
59.0   23.601
59.1   23.603
59.2   23.602
59.3   23.601
59.4   23.603
59.5   23.605
59.6   23.605
59.7   23.606
59.8   23.605
59.9   23.604
60.0   23.603
60.1   23.602
60.2   23.601
60.3   23.601
60.4   23.603
60.5   23.604
60.6   23.611
60.7   23.614
60.8   23.616
60.9   23.618
61.0   23.619
61.1   23.620
61.2   23.622
61.3   23.623
61.4   23.624
61.5   23.623
61.6   23.612
61.7   23.612
61.8   23.622
61.9   23.629
62.0   23.629
62.1   23.631
62.2   23.633
62.3   23.636
62.4   23.642
62.5   23.645
62.6   23.649
62.7   23.668
62.8   23.664
62.9   23.666
63.0   23.660
63.1   23.657
63.2   23.655
63.3   23.654
63.4   23.654
63.5   23.653
63.6   23.653
63.7   23.653
63.8   23.653
63.9   23.653
64.0   23.660
64.1   23.658
64.2   23.657
64.3   23.657
64.4   23.656
64.5   23.656
64.6   23.655
64.8   23.655
65.0   23.655
65.1   23.689
65.2   23.667
65.3   23.668
65.4   23.668
65.5   23.668
65.6   23.668
65.7   23.668
65.8   23.669
65.9   23.670
66.0   23.669
66.1   23.670
66.2   23.670
66.3   23.670
66.4   23.672
66.5   23.672
66.6   23.674
66.7   23.681
66.8   23.675
66.9   23.675
67.0   23.675
67.1   23.675
67.2   23.680
67.3   23.680
67.4   23.677
67.5   23.677
67.6   23.677
67.7   23.677
67.8   23.677
67.9   23.680
68.0   23.679
68.1   23.679
68.2   23.680
68.3   23.680
68.4   23.680
68.5   23.681
68.6   23.681
68.7   23.681
68.8   23.683
68.9   23.684
69.0   23.683
69.1   23.686
69.2   23.686
69.3   23.686
69.4   23.686
69.5   23.687
69.6   23.689
69.7   23.689
69.8   23.690
69.9   23.691
70.0   23.692
70.1   23.692
70.2   23.692
70.3   23.698
70.4   23.694
70.5   23.694
70.6   23.694
70.7   23.695
70.8   23.695
70.9   23.695
71.0   23.696
71.1   23.696
71.2   23.696
71.3   23.697
71.4   23.697
71.5   23.698
71.6   23.698
71.7   23.698
71.8   23.699
71.9   23.699
72.0   23.699
72.1   23.699
72.2   23.699
72.3   23.700
72.4   23.700
72.5   23.701
72.6   23.701
72.7   23.702
72.8   23.702
72.9   23.703
73.0   23.703
73.1   23.704
73.2   23.704
73.3   23.706
73.4   23.708
73.5   23.708
73.6   23.709
73.8   23.711
73.9   23.711
74.0   23.715
74.1   23.720
74.2   23.721
74.3   23.721
74.4   23.724
74.5   23.725
74.6   23.727
74.7   23.729
74.8   23.730
74.9   23.731
75.0   23.731
75.1   23.732
75.2   23.733
75.3   23.733
75.4   23.733
75.5   23.735
75.6   23.735
75.7   23.735
75.8   23.735
75.9   23.736
76.0   23.737
76.1   23.737
76.2   23.737
76.3   23.738
76.4   23.738
76.5   23.739
76.6   23.739
76.7   23.739
76.8   23.740
76.9   23.741
77.0   23.740
77.1   23.742
77.2   23.743
77.3   23.743
77.4   23.744
77.5   23.744
77.6   23.746
77.7   23.746
77.8   23.746
77.9   23.747
78.0   23.748
78.1   23.749
78.2   23.750
78.3   23.750
78.4   23.752
78.5   23.752
78.6   23.753
78.7   23.755
78.8   23.755
78.9   23.756
79.0   23.757
79.1   23.757
79.2   23.758
79.3   23.759
79.4   23.759
79.5   23.761
79.6   23.762
79.7   23.763
79.8   23.763
79.9   23.763
80.0   23.765
80.1   23.766
80.2   23.767
80.3   23.768
80.4   23.769
80.5   23.770
80.6   23.770
80.7   23.770
80.8   23.773
80.9   23.774
81.0   23.774
81.1   23.775
81.2   23.776
81.3   23.776
81.4   23.778
81.5   23.778
81.6   23.778
81.7   23.779
81.8   23.780
81.9   23.781
82.0   23.781
82.1   23.782
82.2   23.784
82.3   23.785
82.4   23.786
82.5   23.785
82.6   23.786
82.7   23.787
82.8   23.789
82.9   23.789
83.0   23.789
83.1   23.791
83.2   23.792
83.3   23.793
83.4   23.794
83.5   23.794
83.6   23.795
83.7   23.798
83.8   23.799
83.9   23.800
84.0   23.801
84.1   23.802
84.2   23.802
84.3   23.803
84.4   23.804
84.5   23.804
84.6   23.805
84.7   23.805
84.8   23.806
84.9   23.807
85.0   23.807
85.1   23.807
85.2   23.807
85.3   23.808
85.4   23.809
85.5   23.810
85.6   23.811
85.7   23.811
85.8   23.811
85.9   23.811
86.0   23.812
86.1   23.813
86.2   23.813
86.3   23.814
86.4   23.814
86.5   23.814
86.6   23.815
86.7   23.816
86.8   23.817
86.9   23.817
87.0   23.818
87.1   23.818
87.2   23.818
87.3   23.819
87.4   23.820
87.5   23.820
87.6   23.822
87.7   23.823
87.8   23.824
87.9   23.824
88.0   23.825
88.1   23.825
88.2   23.826
88.3   23.827
88.4   23.828
88.5   23.828
88.6   23.828
88.7   23.830
88.8   23.831
88.9   23.831
89.0   23.832
89.1   23.833
89.2   23.833
89.3   23.835
89.4   23.837
89.5   23.837
89.6   23.837
89.7   23.838
89.8   23.839
89.9   23.840
90.0   23.841
90.1   23.841
90.2   23.841
90.3   23.842
90.4   23.842
90.5   23.843
90.6   23.844
90.7   23.845
90.8   23.845
90.9   23.846
91.0   23.846
91.1   23.848
91.2   23.849
91.3   23.849
91.4   23.850
91.5   23.850
91.6   23.851
91.7   23.850
91.8   23.851
91.9   23.852
92.0   23.852
92.1   23.854
92.2   23.854
92.3   23.856
92.4   23.857
92.5   23.857
92.6   23.858
92.7   23.858
92.8   23.859
92.9   23.861
93.0   23.861
93.1   23.861
93.2   23.862
93.3   23.863
93.4   23.865
93.5   23.867
93.6   23.869
93.7   23.869
93.8   23.871
93.9   23.871
94.0   23.873
94.1   23.876
94.2   23.881
94.3   23.882
94.4   23.887
94.5   23.887
94.6   23.888
94.7   23.892
94.8   23.895
94.9   23.897
95.0   23.899
95.1   23.900
95.2   23.902
95.3   23.905
95.4   23.906
95.5   23.908
95.6   23.909
95.7   23.910
95.8   23.910
95.9   23.911
96.0   23.913
96.1   23.912
96.2   23.913
96.3   23.913
96.4   23.913
96.5   23.914
96.6   23.917
96.7   23.921
96.8   23.922
96.9   23.923
97.0   23.925
97.1   23.930
97.2   23.929
97.3   23.928
97.4   23.930
97.5   23.931
97.6   23.930
97.7   23.928
97.8   23.932
97.9   23.929
98.0   23.930
98.1   23.935
98.2   23.938
98.3   23.941
98.4   23.941
98.5   23.940
98.6   23.951
98.7   23.960
98.8   23.964
98.9   23.964
99.0   23.962
99.1   23.962
99.2   23.962
99.3   23.962
99.4   23.962
99.5   23.962
99.6   23.962
99.7   23.962
99.8   23.962
99.9   23.963
100.0   23.963
100.1   23.963
100.2   23.963
100.3   23.964
100.4   23.964
100.5   23.964
100.6   23.972
100.7   23.982
100.8   23.983
100.9   23.984
101.0   23.985
101.1   23.986
101.2   23.985
101.3   23.985
101.4   23.985
101.5   23.985
101.6   23.985
101.7   23.993
101.8   23.998
101.9   24.002
102.0   24.002
102.1   24.003
102.2   24.003
102.3   24.003
102.4   24.003
102.5   24.003
102.6   24.003
102.7   24.003
102.8   24.003
102.9   24.003
103.0   24.003
103.1   24.002
103.2   24.003
103.3   24.003
103.4   24.003
103.5   24.006
103.6   24.007
103.7   24.012
103.8   24.011
103.9   24.010
104.0   24.009
104.1   24.009
104.2   24.009
104.3   24.011
104.4   24.018
104.5   24.032
104.6   24.032
104.7   24.033
104.8   24.034
104.9   24.035
105.0   24.037
105.1   24.037
105.2   24.039
105.3   24.039
105.4   24.040
105.5   24.039
105.6   24.039
105.7   24.041
105.8   24.041
105.9   24.042
106.0   24.044
106.1   24.044
106.2   24.045
106.3   24.045
106.4   24.046
106.5   24.046
106.6   24.046
106.7   24.046
106.8   24.047
106.9   24.048
107.0   24.048
107.1   24.048
107.2   24.049
107.3   24.050
107.4   24.050
107.5   24.050
107.6   24.051
107.7   24.052
107.8   24.053
107.9   24.053
108.0   24.054
108.1   24.054
108.2   24.055
108.3   24.055
108.4   24.056
108.5   24.057
108.6   24.057
108.7   24.057
108.8   24.058
108.9   24.058
109.0   24.058
109.1   24.059
109.2   24.060
109.3   24.060
109.4   24.060
109.5   24.062
109.6   24.063
109.7   24.064
109.8   24.064
109.9   24.065
110.0   24.066
110.1   24.067
110.2   24.069
110.3   24.069
110.4   24.070
110.5   24.071
110.6   24.072
110.7   24.074
110.8   24.075
110.9   24.077
111.0   24.078
111.1   24.081
111.2   24.081
111.3   24.082
111.4   24.082
111.5   24.084
111.6   24.085
111.7   24.087
111.8   24.087
111.9   24.089
112.0   24.091
112.1   24.091
112.2   24.091
112.3   24.091
112.4   24.093
112.5   24.093
112.6   24.094
112.7   24.096
112.8   24.097
112.9   24.097
113.0   24.098
113.1   24.098
113.2   24.099
113.3   24.100
113.4   24.101
113.5   24.102
113.6   24.103
113.7   24.104
113.8   24.104
113.9   24.105
114.0   24.106
114.1   24.107
114.2   24.108
114.3   24.110
114.4   24.110
114.5   24.110
114.6   24.112
114.7   24.112
114.8   24.113
114.9   24.114
115.0   24.115
115.1   24.116
115.2   24.118
115.3   24.118
115.4   24.119
115.5   24.120
115.6   24.121
115.7   24.123
115.8   24.124
115.9   24.125
116.0   24.127
116.1   24.127
116.2   24.127
116.3   24.128
116.4   24.129
116.5   24.130
116.6   24.130
116.7   24.132
116.8   24.133
116.9   24.134
117.0   24.135
117.1   24.136
117.2   24.137
117.3   24.138
117.5   24.138
117.6   24.140
117.7   24.141
117.8   24.142
117.9   24.142
118.0   24.143
118.1   24.144
118.2   24.145
118.3   24.146
118.5   24.147
118.6   24.148
118.7   24.149
118.8   24.151
118.9   24.152
119.0   24.153
119.1   24.153
119.3   24.155
119.4   24.157
119.5   24.157
119.6   24.158
119.7   24.159
119.8   24.160
119.9   24.162
120.0   24.162
120.1   24.163
120.2   24.164
120.4   24.166
120.5   24.166
120.6   24.168
120.7   24.168
120.8   24.170
120.9   24.171
121.0   24.172
121.2   24.174
121.3   24.175
121.4   24.176
121.5   24.177
121.6   24.178
121.7   24.179
121.8   24.179
121.9   24.181
122.0   24.182
122.2   24.183
122.3   24.185
122.4   24.185
122.5   24.186
122.6   24.187
122.7   24.189
122.8   24.190
122.9   24.191
123.0   24.192
123.1   24.194
123.2   24.194
123.3   24.196
123.4   24.196
123.5   24.197
123.6   24.198
123.7   24.200
123.8   24.200
123.9   24.202
124.0   24.202
124.1   24.202
124.2   24.203
124.3   24.204
124.4   24.205
124.5   24.205
124.6   24.207
124.7   24.207
124.8   24.208
124.9   24.209
125.1   24.211
125.2   24.212
125.3   24.213
125.4   24.213
125.5   24.215
125.6   24.217
125.7   24.217
125.8   24.217
125.9   24.218
126.0   24.219
126.1   24.221
126.2   24.222
126.3   24.222
126.4   24.224
126.5   24.226
126.6   24.227
126.7   24.228
126.8   24.229
126.9   24.230
127.0   24.231
127.1   24.232
127.2   24.233
127.3   24.234
127.4   24.235
127.5   24.237
127.6   24.237
127.7   24.238
127.8   24.239
127.9   24.239
128.0   24.241
128.1   24.243
128.2   24.243
128.3   24.243
128.4   24.244
128.5   24.245
128.6   24.247
128.7   24.247
128.8   24.248
128.9   24.250
129.0   24.250
129.1   24.252
129.2   24.253
129.3   24.253
129.4   24.254
129.5   24.256
129.6   24.256
129.7   24.258
129.8   24.258
129.9   24.258
130.0   24.260
130.1   24.260
130.2   24.261
130.3   24.262
130.4   24.262
130.5   24.264
130.6   24.264
130.7   24.264
130.8   24.265
130.9   24.266
131.0   24.267
131.1   24.269
131.2   24.269
131.3   24.270
131.4   24.271
131.5   24.271
131.6   24.273
131.7   24.275
131.8   24.276
131.9   24.277
132.0   24.279
132.1   24.279
132.2   24.280
132.3   24.282
132.4   24.283
132.5   24.283
132.6   24.284
132.7   24.285
132.8   24.286
132.9   24.286
133.0   24.288
133.1   24.288
133.2   24.289
133.3   24.290
133.4   24.290
133.5   24.292
133.6   24.293
133.7   24.294
133.8   24.294
133.9   24.294
134.0   24.296
134.2   24.297
134.3   24.298
134.4   24.299
134.5   24.299
134.6   24.299
134.7   24.301
134.8   24.303
134.9   24.303
135.0   24.305
135.1   24.306
135.2   24.306
135.3   24.307
135.4   24.309
135.5   24.309
135.6   24.310
135.7   24.310
135.8   24.311
135.9   24.312
136.0   24.313
136.1   24.314
136.2   24.314
136.3   24.316
136.4   24.318
136.5   24.318
136.6   24.318
136.7   24.320
136.8   24.320
136.9   24.321
137.0   24.322
137.1   24.322
137.2   24.324
137.3   24.324
137.4   24.324
137.5   24.326
137.6   24.328
137.7   24.329
137.8   24.329
137.9   24.330
138.0   24.330
138.1   24.331
138.2   24.332
138.3   24.333
138.4   24.335
138.5   24.336
138.6   24.337
138.7   24.337
138.8   24.338
138.9   24.339
139.0   24.339
139.1   24.340
139.2   24.341
139.3   24.342
139.4   24.342
139.5   24.343
139.6   24.343
139.7   24.344
139.8   24.345
139.9   24.346
140.0   24.347
140.1   24.348
140.2   24.349
140.3   24.351
140.4   24.351
140.5   24.352
140.6   24.354
140.7   24.354
140.8   24.354
140.9   24.355
141.0   24.356
141.1   24.356
141.2   24.357
141.3   24.358
141.4   24.359
141.5   24.361
141.6   24.360
141.7   24.362
141.8   24.363
141.9   24.363
142.0   24.365
142.1   24.366
142.2   24.367
142.3   24.368
142.4   24.369
142.5   24.369
142.7   24.371
142.8   24.372
142.9   24.373
143.0   24.374
143.1   24.374
143.2   24.376
143.3   24.378
143.4   24.378
143.5   24.380
143.6   24.381
143.7   24.382
143.8   24.382
143.9   24.383
144.0   24.384
144.1   24.385
144.2   24.386
144.3   24.386
144.4   24.387
144.5   24.387
144.6   24.388
144.7   24.389
144.8   24.389
144.9   24.391
145.0   24.391
145.1   24.392
145.2   24.393
145.3   24.394
145.4   24.395
145.5   24.395
145.6   24.396
145.7   24.396
145.8   24.397
145.9   24.398
146.0   24.399
146.1   24.401
146.2   24.401
146.3   24.401
146.4   24.403
146.5   24.403
146.6   24.404
146.7   24.405
146.8   24.405
146.9   24.406
147.0   24.406
147.1   24.408
147.2   24.408
147.3   24.409
147.4   24.410
147.5   24.411
147.6   24.412
147.7   24.412
147.8   24.412
147.9   24.414
148.0   24.414
148.1   24.414
148.2   24.415
148.3   24.416
148.4   24.416
148.5   24.418
148.6   24.418
148.7   24.420
148.8   24.421
148.9   24.421
149.0   24.421
149.1   24.421
149.2   24.423
149.3   24.423
149.4   24.423
149.5   24.424
149.6   24.425
149.7   24.426
149.8   24.427
149.9   24.427
150.0   24.429
150.1   24.429
150.2   24.430
150.3   24.431
150.4   24.431
150.5   24.432
150.6   24.433
150.7   24.433
150.8   24.434
150.9   24.435
151.0   24.436
151.1   24.437
151.2   24.438
151.3   24.438
151.4   24.440
151.5   24.440
151.6   24.442
151.7   24.444
151.8   24.445
151.9   24.446
152.0   24.448
152.1   24.448
152.2   24.449
152.3   24.451
152.4   24.452
152.5   24.455
152.6   24.456
152.7   24.458
152.8   24.459
152.9   24.460
153.0   24.461
153.1   24.462
153.2   24.463
153.3   24.463
153.4   24.463
153.5   24.464
153.6   24.465
153.7   24.466
153.8   24.466
153.9   24.467
154.0   24.468
154.1   24.468
154.2   24.469
154.3   24.469
154.4   24.470
154.5   24.470
154.6   24.471
154.7   24.472
154.8   24.473
154.9   24.474
155.0   24.474
155.1   24.475
155.2   24.475
155.3   24.475
155.4   24.476
155.5   24.476
155.6   24.478
155.7   24.478
155.8   24.478
155.9   24.479
156.0   24.480
156.1   24.480
156.2   24.481
156.3   24.482
156.4   24.483
156.5   24.484
156.6   24.485
156.7   24.486
156.8   24.486
156.9   24.487
157.0   24.487
157.1   24.487
157.2   24.487
157.3   24.489
157.4   24.491
157.5   24.491
157.6   24.492
157.7   24.493
157.8   24.493
157.9   24.493
158.0   24.494
158.1   24.495
158.2   24.496
158.3   24.497
158.4   24.497
158.5   24.498
158.6   24.498
158.7   24.499
158.8   24.499
158.9   24.500
159.0   24.501
159.1   24.502
159.2   24.502
159.3   24.503
159.4   24.504
159.5   24.504
159.6   24.504
159.7   24.506
159.8   24.507
159.9   24.508
160.0   24.508
160.1   24.509
160.2   24.509
160.3   24.511
160.4   24.511
160.5   24.512
160.6   24.514
160.7   24.514
160.8   24.516
160.9   24.516
161.0   24.517
161.1   24.518
161.2   24.518
161.3   24.520
161.4   24.520
161.5   24.520
161.6   24.522
161.7   24.522
161.8   24.523
161.9   24.523
162.0   24.525
162.1   24.526
162.2   24.527
162.3   24.527
162.4   24.527
162.5   24.529
162.6   24.529
162.7   24.530
162.8   24.531
162.9   24.532
163.0   24.532
163.1   24.534
163.2   24.536
163.3   24.535
163.4   24.536
163.5   24.536
163.6   24.538
163.7   24.538
163.8   24.539
163.9   24.540
164.0   24.540
164.1   24.541
164.2   24.542
164.3   24.542
164.4   24.542
164.5   24.544
164.6   24.544
164.7   24.544
164.8   24.546
164.9   24.547
165.0   24.548
165.1   24.548
165.2   24.548
165.3   24.549
165.4   24.550
165.5   24.550
165.6   24.551
165.7   24.552
165.8   24.552
165.9   24.553
166.0   24.555
166.1   24.557
166.2   24.557
166.3   24.557
166.4   24.557
166.5   24.557
166.6   24.559
166.7   24.559
166.8   24.561
166.9   24.561
167.0   24.561
167.1   24.563
167.2   24.563
167.3   24.564
167.4   24.565
167.5   24.566
167.6   24.566
167.7   24.567
167.8   24.567
167.9   24.569
168.0   24.569
168.1   24.570
168.2   24.570
168.3   24.572
168.4   24.572
168.5   24.572
168.6   24.573
168.7   24.574
168.8   24.575
168.9   24.576
169.0   24.577
169.1   24.579
169.2   24.579
169.3   24.580
169.4   24.580
169.5   24.580
169.6   24.581
169.7   24.582
169.8   24.582
169.9   24.582
170.0   24.584
170.1   24.584
170.2   24.585
170.3   24.585
170.4   24.587
170.5   24.587
170.6   24.587
170.7   24.588
170.8   24.589
170.9   24.589
171.0   24.589
171.1   24.591
171.2   24.591
171.3   24.591
171.4   24.593
171.5   24.593
171.6   24.594
171.7   24.595
171.8   24.596
171.9   24.597
172.0   24.598
172.1   24.599
172.2   24.600
172.3   24.600
172.4   24.601
172.5   24.601
172.6   24.602
172.7   24.603
172.8   24.603
172.9   24.604
173.0   24.604
173.1   24.605
173.2   24.606
173.3   24.608
173.4   24.608
173.5   24.608
173.6   24.610
173.7   24.611
173.8   24.612
173.9   24.612
174.0   24.613
174.1   24.614
174.2   24.614
174.3   24.615
174.4   24.617
174.5   24.618
174.6   24.618
174.7   24.618
174.8   24.618
174.9   24.620
175.0   24.620
175.1   24.621
175.2   24.622
175.3   24.623
175.4   24.623
175.5   24.624
175.6   24.625
175.7   24.626
175.8   24.627
175.9   24.627
176.0   24.629
176.1   24.629
176.2   24.630
176.3   24.631
176.4   24.631
176.5   24.632
176.6   24.633
176.7   24.633
176.8   24.634
176.9   24.635
177.0   24.635
177.1   24.636
177.2   24.637
177.3   24.638
177.4   24.639
177.5   24.640
177.6   24.640
177.7   24.642
177.8   24.642
177.9   24.643
178.0   24.643
178.1   24.644
178.2   24.644
178.3   24.646
178.4   24.646
178.5   24.646
178.6   24.647
178.7   24.648
178.8   24.650
178.9   24.650
179.0   24.652
179.1   24.652
179.2   24.652
179.3   24.653
179.4   24.654
179.5   24.654
179.6   24.655
179.7   24.656
179.8   24.656
179.9   24.657
180.0   24.657
180.1   24.659
180.2   24.660
180.3   24.660
180.4   24.661
180.5   24.661
180.6   24.662
180.7   24.664
180.8   24.665
180.9   24.665
181.0   24.666
181.1   24.667
181.2   24.667
181.3   24.667
181.4   24.668
181.5   24.669
181.6   24.670
181.7   24.670
181.8   24.671
181.9   24.672
182.0   24.673
182.1   24.674
182.2   24.674
182.3   24.674
182.4   24.674
182.5   24.676
182.6   24.676
182.7   24.678
182.8   24.678
182.9   24.680
183.0   24.680
183.1   24.682
183.2   24.682
183.3   24.682
183.4   24.683
183.5   24.684
183.6   24.685
183.7   24.686
183.8   24.686
183.9   24.686
184.0   24.687
184.1   24.688
184.2   24.688
184.3   24.690
184.4   24.690
184.5   24.691
184.6   24.691
184.7   24.691
184.8   24.692
184.9   24.693
185.0   24.695
185.1   24.695
185.2   24.695
185.3   24.697
185.4   24.697
185.5   24.698
185.6   24.699
185.7   24.700
185.8   24.701
185.9   24.701
186.0   24.702
186.1   24.703
186.2   24.703
186.3   24.704
186.4   24.706
186.5   24.707
186.6   24.707
186.7   24.707
186.8   24.708
186.9   24.708
187.0   24.708
187.1   24.710
187.2   24.710
187.3   24.712
187.4   24.712
187.5   24.712
187.6   24.713
187.7   24.715
187.8   24.715
187.9   24.716
188.0   24.717
188.1   24.718
188.2   24.718
188.3   24.718
188.4   24.719
188.5   24.720
188.6   24.721
188.7   24.722
188.8   24.722
188.9   24.723
189.0   24.724
189.1   24.725
189.2   24.726
189.3   24.726
189.4   24.726
189.5   24.727
189.6   24.727
189.7   24.728
189.8   24.729
189.9   24.731
190.0   24.731
190.1   24.731
190.2   24.731
190.3   24.732
190.4   24.733
190.5   24.733
190.6   24.734
190.7   24.735
190.8   24.736
190.9   24.736
191.0   24.737
191.1   24.737
191.2   24.738
191.3   24.739
191.4   24.739
191.5   24.740
191.6   24.741
191.7   24.742
191.8   24.743
191.9   24.743
192.0   24.744
192.1   24.745
192.2   24.745
192.3   24.745
192.4   24.746
192.5   24.747
192.6   24.748
192.7   24.749
192.8   24.750
192.9   24.750
193.0   24.750
193.1   24.751
193.2   24.752
193.3   24.752
193.4   24.753
193.5   24.754
193.6   24.755
193.7   24.755
193.8   24.755
193.9   24.756
194.0   24.758
194.1   24.758
194.2   24.759
194.3   24.760
194.4   24.761
194.5   24.761
194.6   24.762
194.7   24.762
194.8   24.763
194.9   24.764
195.0   24.765
195.1   24.765
195.2   24.765
195.3   24.767
195.4   24.767
195.5   24.768
195.6   24.769
195.7   24.769
195.8   24.769
195.9   24.770
196.0   24.771
196.1   24.771
196.2   24.772
196.3   24.773
196.4   24.773
196.5   24.773
196.7   24.774
196.8   24.775
196.9   24.776
197.0   24.776
197.1   24.778
197.2   24.779
197.4   24.779
197.5   24.779
197.6   24.780
197.7   24.781
197.8   24.781
197.9   24.782
198.0   24.783
198.1   24.784
198.3   24.784
198.4   24.785
198.5   24.786
198.6   24.786
198.7   24.787
198.8   24.788
198.9   24.789
199.1   24.790
199.2   24.790
199.3   24.790
199.4   24.791
199.5   24.792
199.6   24.792
199.7   24.793
199.9   24.796
200.0   24.796
200.1   24.797
200.2   24.798
200.3   24.798
200.4   24.799
200.5   24.799
200.7   24.800
200.8   24.801
200.9   24.802
201.0   24.803
201.1   24.803
201.2   24.804
201.3   24.804
201.4   24.805
201.5   24.805
201.6   24.806
201.7   24.807
201.8   24.808
202.0   24.809
202.1   24.809
202.2   24.809
202.3   24.811
202.4   24.811
202.5   24.813
202.6   24.813
202.7   24.814
202.8   24.815
202.9   24.815
203.0   24.816
203.1   24.816
203.2   24.816
203.3   24.816
203.4   24.817
203.5   24.818
203.6   24.820
203.7   24.820
203.8   24.820
203.9   24.821
204.0   24.822
204.1   24.823
204.2   24.824
204.3   24.824
204.4   24.825
204.5   24.826
204.6   24.826
204.7   24.826
204.8   24.828
204.9   24.829
205.0   24.830
205.1   24.830
205.2   24.830
205.3   24.831
205.4   24.832
205.5   24.833
205.6   24.833
205.7   24.834
205.8   24.835
205.9   24.835
206.0   24.837
206.1   24.837
206.2   24.838
206.3   24.839
206.4   24.839
206.5   24.840
206.6   24.840
206.7   24.842
206.8   24.841
206.9   24.842
207.0   24.843
207.1   24.843
207.2   24.845
207.3   24.845
207.4   24.845
207.5   24.846
207.6   24.847
207.7   24.847
207.8   24.848
207.9   24.848
208.0   24.849
208.1   24.850
208.2   24.851
208.3   24.851
208.4   24.852
208.5   24.853
208.6   24.853
208.7   24.854
208.8   24.855
208.9   24.855
209.0   24.856
209.1   24.857
209.2   24.858
209.3   24.858
209.4   24.858
209.5   24.859
209.6   24.860
209.7   24.860
209.8   24.860
209.9   24.861
210.0   24.862
210.1   24.862
210.2   24.863
210.3   24.863
210.4   24.864
210.5   24.865
210.6   24.866
210.7   24.866
210.8   24.866
210.9   24.868
211.0   24.868
211.1   24.868
211.2   24.869
211.3   24.870
211.4   24.871
211.5   24.871
211.6   24.871
211.7   24.873
211.8   24.873
211.9   24.873
212.0   24.874
212.1   24.875
212.2   24.875
212.3   24.875
212.4   24.877
212.5   24.877
212.6   24.877
212.7   24.878
212.8   24.878
212.9   24.879
213.0   24.880
213.1   24.880
213.2   24.881
213.3   24.881
213.4   24.882
213.5   24.883
213.6   24.883
213.7   24.884
213.8   24.884
213.9   24.885
214.0   24.886
214.1   24.886
214.2   24.887
214.3   24.887
214.4   24.888
214.5   24.889
214.6   24.889
214.7   24.889
214.8   24.890
214.9   24.890
215.0   24.890
215.1   24.892
215.2   24.893
215.3   24.893
215.4   24.893
215.5   24.894
215.6   24.895
215.7   24.895
215.8   24.896
215.9   24.896
216.0   24.896
216.1   24.898
216.2   24.898
216.3   24.900
216.4   24.900
216.5   24.901
216.6   24.901
216.7   24.902
216.8   24.904
216.9   24.905
217.0   24.905
217.1   24.906
217.2   24.908
217.3   24.907
217.4   24.908
217.5   24.909
217.6   24.910
217.7   24.911
217.8   24.912
217.9   24.913
218.0   24.913
218.1   24.915
218.2   24.915
218.3   24.916
218.4   24.916
218.5   24.917
218.6   24.918
218.7   24.919
218.8   24.919
218.9   24.921
219.0   24.921
219.1   24.921
219.2   24.922
219.3   24.923
219.4   24.923
219.5   24.923
219.6   24.924
219.7   24.925
219.8   24.926
219.9   24.927
220.0   24.928
220.1   24.928
220.2   24.928
220.3   24.929
220.4   24.929
220.5   24.930
220.6   24.930
220.7   24.931
220.8   24.932
220.9   24.932
221.0   24.933
221.1   24.934
221.2   24.934
221.3   24.935
221.4   24.935
221.5   24.936
221.6   24.937
221.7   24.938
221.8   24.938
221.9   24.939
222.0   24.939
222.1   24.940
222.2   24.940
222.3   24.942
222.4   24.942
222.5   24.943
222.6   24.943
222.7   24.944
222.8   24.944
222.9   24.945
223.0   24.946
223.1   24.946
223.2   24.946
223.3   24.947
223.4   24.947
223.5   24.948
223.6   24.949
223.7   24.949
223.8   24.951
223.9   24.951
224.0   24.952
224.1   24.953
224.2   24.953
224.3   24.954
224.4   24.955
224.5   24.955
224.6   24.956
224.7   24.956
224.8   24.957
224.9   24.957
225.0   24.959
225.1   24.959
225.2   24.960
225.4   24.960
225.5   24.961
225.6   24.962
225.7   24.962
225.8   24.963
225.9   24.964
226.0   24.965
226.1   24.965
226.2   24.966
226.3   24.967
226.4   24.968
226.5   24.968
226.6   24.968
226.7   24.968
226.9   24.970
227.0   24.970
227.1   24.971
227.2   24.972
227.3   24.972
227.4   24.972
227.5   24.974
227.6   24.974
227.7   24.976
227.8   24.976
228.0   24.977
228.1   24.977
228.2   24.980
228.3   24.980
228.4   24.981
228.5   24.982
228.6   24.982
228.8   24.984
228.9   24.984
229.0   24.984
229.1   24.985
229.2   24.986
229.3   24.987
229.4   24.988
229.5   24.989
229.6   24.989
229.7   24.991
229.9   24.991
230.0   24.991
230.1   24.992
230.2   24.993
230.3   24.994
230.4   24.995
230.5   24.996
230.6   24.997
230.7   24.998
230.8   24.999
230.9   25.000
231.0   25.000
231.1   25.001
231.2   25.001
231.3   25.001
231.4   25.002
231.5   25.003
231.6   25.004
231.7   25.004
231.8   25.005
231.9   25.006
232.0   25.006
232.1   25.008
232.2   25.008
232.4   25.009
232.7   25.011
232.8   25.013
232.9   25.014
233.0   25.014
233.1   25.015
233.2   25.016
233.3   25.016
233.4   25.016
233.5   25.016
233.6   25.017
233.7   25.018
233.8   25.020
233.9   25.020
234.0   25.020
234.1   25.020
234.2   25.022
234.4   25.022
234.5   25.024
234.7   25.024
234.8   25.025
234.9   25.025
235.0   25.026
235.1   25.027
235.3   25.029
235.4   25.030
235.6   25.031
235.7   25.031
235.8   25.031
235.9   25.032
236.0   25.033
236.1   25.033
236.2   25.035
236.3   25.035
236.4   25.035
236.5   25.036
236.6   25.037
236.7   25.037
236.8   25.039
236.9   25.040
237.0   25.040
237.1   25.041
237.2   25.041
237.3   25.042
237.4   25.041
237.6   25.043
237.7   25.044
237.8   25.044
237.9   25.046
238.0   25.047
238.1   25.047
238.2   25.048
238.3   25.048
238.4   25.049
238.5   25.050
238.6   25.050
238.7   25.050
238.9   25.051
239.0   25.052
239.1   25.052
239.2   25.054
239.3   25.054
239.4   25.055
239.5   25.056
239.6   25.057
239.7   25.057
239.9   25.059
240.0   25.060
240.1   25.060
240.2   25.060
240.3   25.062
240.4   25.063
240.5   25.064
240.6   25.064
240.7   25.065
240.9   25.066
241.0   25.065
241.1   25.067
241.2   25.068
241.3   25.068
241.4   25.069
241.5   25.069
241.6   25.070
241.7   25.071
241.8   25.071
241.9   25.073
242.0   25.072
242.2   25.073
242.3   25.074
242.4   25.075
242.5   25.076
242.6   25.077
242.7   25.078
242.8   25.079
242.9   25.079
243.0   25.080
243.1   25.080
243.2   25.082
243.3   25.083
243.4   25.083
243.6   25.084
243.7   25.085
243.9   25.086
244.0   25.086
244.1   25.086
244.2   25.087
244.3   25.088
244.4   25.089
244.5   25.090
244.6   25.090
244.7   25.090
244.8   25.091
244.9   25.092
245.0   25.092
245.1   25.094
245.2   25.093
245.4   25.096
245.5   25.097
245.6   25.098
245.7   25.098
245.8   25.100
245.9   25.100
246.0   25.101
246.3   25.103
246.4   25.103
246.5   25.104
246.6   25.105
246.8   25.105
246.9   25.105
247.0   25.107
247.1   25.107
247.2   25.109
247.3   25.109
247.4   25.109
247.5   25.110
247.6   25.110
247.7   25.111
247.8   25.111
247.9   25.112
248.0   25.114
248.1   25.116
248.2   25.115
248.3   25.116
248.4   25.117
248.5   25.117
248.6   25.119
248.7   25.119
248.8   25.120
248.9   25.121
249.0   25.121
249.1   25.121
249.2   25.122
249.3   25.123
249.4   25.124
249.5   25.124
249.6   25.126
249.7   25.126
249.8   25.126
249.9   25.126
250.0   25.127
250.1   25.128
250.2   25.128
250.3   25.130
250.4   25.131
250.5   25.132
250.6   25.131
250.7   25.132
250.8   25.134
250.9   25.134
251.0   25.134
251.1   25.134
251.2   25.135
251.3   25.136
251.4   25.137
251.5   25.138
251.6   25.140
251.7   25.140
251.8   25.140
251.9   25.140
252.0   25.140
252.1   25.140
252.2   25.140
252.3   25.142
252.4   25.144
252.5   25.143
252.6   25.144
252.7   25.145
252.8   25.146
252.9   25.146
253.0   25.147
253.1   25.148
253.2   25.148
253.3   25.150
253.4   25.150
253.5   25.150
253.7   25.151
253.8   25.152
253.9   25.153
254.0   25.153
254.1   25.155
254.2   25.155
254.3   25.157
254.4   25.157
254.5   25.157
254.6   25.157
254.7   25.158
254.8   25.159
254.9   25.160
255.0   25.161
255.1   25.161
255.2   25.162
255.3   25.163
255.4   25.163
255.5   25.165
255.6   25.165
255.7   25.166
255.8   25.166
255.9   25.168
256.0   25.168
256.1   25.168
256.3   25.168
256.4   25.170
256.5   25.171
256.6   25.173
256.7   25.173
256.8   25.173
256.9   25.174
257.0   25.175
257.1   25.176
257.2   25.176
257.4   25.178
257.5   25.178
257.6   25.178
257.7   25.180
257.8   25.180
257.9   25.182
258.1   25.182
258.2   25.183
258.4   25.184
258.5   25.184
258.6   25.185
258.8   25.185
258.9   25.187
259.2   25.188
259.4   25.191
259.6   25.192
259.7   25.193
259.8   25.194
259.9   25.194
260.1   25.195
260.2   25.195
260.3   25.197
260.5   25.197
260.6   25.198
260.7   25.199
260.8   25.200
260.9   25.200
261.0   25.201
261.1   25.201
261.2   25.201
261.3   25.202
261.4   25.203
261.5   25.204
261.6   25.205
261.7   25.206
261.8   25.206
261.9   25.206
262.0   25.207
262.1   25.208
262.2   25.208
262.3   25.209
262.4   25.209
262.5   25.210
262.6   25.211
262.8   25.212
262.9   25.212
263.0   25.213
263.1   25.213
263.2   25.214
263.3   25.214
263.4   25.216
263.5   25.216
263.6   25.216
263.7   25.218
263.8   25.218
263.9   25.219
264.0   25.219
264.1   25.220
264.2   25.222
264.3   25.222
264.4   25.222
264.5   25.222
264.6   25.224
264.7   25.224
264.8   25.224
264.9   25.225
265.0   25.226
265.1   25.227
265.2   25.227
265.3   25.229
265.4   25.229
265.5   25.230
265.6   25.231
265.7   25.231
265.9   25.232
266.0   25.233
266.1   25.233
266.3   25.234
266.4   25.235
266.5   25.235
266.6   25.235
266.7   25.235
266.8   25.236
266.9   25.237
267.0   25.238
267.1   25.238
267.2   25.239
267.3   25.240
267.4   25.241
267.5   25.241
267.6   25.241
267.7   25.242
267.8   25.244
267.9   25.244
268.0   25.245
268.1   25.246
268.2   25.246
268.3   25.247
268.4   25.248
268.5   25.248
268.6   25.248
268.7   25.249
268.8   25.250
268.9   25.250
269.0   25.251
269.1   25.252
269.2   25.252
269.3   25.252
269.4   25.252
269.5   25.253
269.6   25.254
269.7   25.256
269.8   25.256
269.9   25.257
270.0   25.258
270.1   25.259
270.2   25.259
270.3   25.260
270.4   25.261
270.5   25.261
270.6   25.262
270.7   25.262
270.8   25.264
270.9   25.264
271.0   25.265
271.1   25.266
271.2   25.266
271.3   25.266
271.4   25.267
271.5   25.268
271.6   25.268
271.7   25.268
271.8   25.269
271.9   25.269
272.0   25.270
272.1   25.271
272.2   25.272
272.3   25.272
272.4   25.273
272.5   25.273
272.6   25.275
272.7   25.275
272.8   25.275
272.9   25.275
273.0   25.277
273.1   25.277
273.2   25.277
273.3   25.278
273.4   25.279
273.5   25.281
273.6   25.281
273.7   25.281
273.8   25.281
273.9   25.283
274.0   25.283
274.1   25.283
274.2   25.284
274.3   25.285
274.4   25.286
274.5   25.287
274.6   25.287
274.7   25.287
274.8   25.288
274.9   25.289
275.0   25.289
275.1   25.290
275.2   25.290
275.3   25.291
275.4   25.292
275.5   25.293
275.6   25.293
275.7   25.294
275.8   25.294
275.9   25.294
276.0   25.295
276.1   25.295
276.2   25.296
276.3   25.296
276.4   25.298
276.5   25.298
276.6   25.298
276.7   25.299
276.8   25.300
276.9   25.300
277.0   25.300
277.2   25.302
277.3   25.303
277.5   25.304
277.6   25.307
277.8   25.307
277.9   25.308
278.1   25.308
278.2   25.308
278.3   25.310
278.5   25.310
278.6   25.310
278.7   25.311
278.8   25.311
279.0   25.312
279.1   25.313
279.2   25.314
279.3   25.315
279.4   25.317
279.6   25.318
279.7   25.319
279.8   25.320
279.9   25.320
280.0   25.321
280.1   25.321
280.2   25.323
280.3   25.323
280.4   25.323
280.5   25.325
280.7   25.325
280.8   25.326
280.9   25.327
281.2   25.329
281.3   25.329
281.4   25.329
281.5   25.330
281.6   25.331
281.7   25.333
281.8   25.333
281.9   25.333
282.0   25.334
282.1   25.334
282.2   25.334
282.3   25.335
282.4   25.336
282.5   25.336
282.6   25.338
282.7   25.338
282.8   25.340
282.9   25.340
283.0   25.342
283.1   25.342
283.2   25.342
283.3   25.344
283.4   25.344
283.5   25.343
283.6   25.344
283.7   25.346
283.8   25.346
283.9   25.346
284.0   25.347
284.1   25.346
284.2   25.348
284.3   25.348
284.4   25.349
284.5   25.350
284.6   25.350
284.7   25.351
284.8   25.352
284.9   25.352
285.0   25.353
285.1   25.355
285.2   25.355
285.4   25.355
285.5   25.356
285.6   25.357
285.7   25.357
285.9   25.359
286.0   25.359
286.2   25.360
286.4   25.361
286.5   25.361
286.6   25.362
286.7   25.363
286.8   25.363
286.9   25.363
287.0   25.365
287.1   25.366
287.2   25.368
287.3   25.368
287.4   25.368
287.5   25.368
287.6   25.369
287.7   25.370
287.8   25.371
287.9   25.371
288.0   25.372
288.1   25.373
288.2   25.373
288.3   25.375
288.4   25.375
288.5   25.375
288.6   25.376
288.7   25.376
288.8   25.378
288.9   25.378
289.0   25.378
289.1   25.378
289.2   25.380
289.3   25.381
289.4   25.382
289.5   25.381
289.6   25.382
289.7   25.384
289.8   25.384
289.9   25.385
290.0   25.386
290.1   25.385
290.2   25.386
290.3   25.386
290.4   25.386
290.5   25.388
290.6   25.387
290.7   25.389
290.8   25.390
290.9   25.391
291.0   25.392
291.1   25.392
291.2   25.393
291.3   25.393
291.4   25.394
291.5   25.394
291.6   25.396
291.7   25.397
291.8   25.396
291.9   25.398
292.0   25.398
292.1   25.398
292.2   25.399
292.3   25.400
292.4   25.400
292.6   25.400
292.7   25.401
292.8   25.401
292.9   25.403
293.0   25.404
293.1   25.403
293.2   25.404
293.3   25.405
293.4   25.407
293.5   25.410
293.6   25.410
293.7   25.409
293.8   25.409
293.9   25.410
294.0   25.411
294.1   25.410
294.3   25.412
294.4   25.414
294.5   25.415
294.6   25.416
294.7   25.415
294.8   25.416
294.9   25.416
295.0   25.418
295.1   25.419
295.2   25.419
295.3   25.419
295.4   25.421
295.5   25.421
295.6   25.421
295.7   25.422
295.8   25.422
295.9   25.424
296.0   25.424
296.1   25.424
296.2   25.424
296.3   25.426
296.4   25.426
296.5   25.428
296.6   25.428
296.7   25.428
296.8   25.428
296.9   25.430
297.0   25.430
297.1   25.432
297.2   25.432
297.3   25.432
297.4   25.432
297.5   25.435
297.6   25.436
297.7   25.435
297.8   25.436
297.9   25.436
298.0   25.437
298.1   25.438
298.2   25.438
298.3   25.438
298.4   25.439
298.5   25.440
298.6   25.441
298.7   25.442
298.8   25.442
298.9   25.444
299.0   25.444
299.1   25.445
299.2   25.446
299.3   25.446
299.4   25.446
299.5   25.446
299.6   25.447
299.7   25.448
299.8   25.449
299.9   25.449
300.0   25.451
300.1   25.451
300.2   25.451
300.3   25.452
300.4   25.453
300.5   25.454
300.6   25.455
300.7   25.455
300.8   25.455
300.9   25.457
301.0   25.457
301.1   25.457
301.2   25.459
301.3   25.459
301.4   25.459
301.5   25.460
301.6   25.461
301.7   25.462
301.8   25.463
301.9   25.463
302.0   25.463
302.1   25.464
302.2   25.464
302.3   25.464
302.4   25.465
302.5   25.466
302.6   25.468
302.7   25.468
302.8   25.469
302.9   25.470
303.0   25.470
303.1   25.470
303.2   25.470
303.3   25.472
303.4   25.472
303.5   25.473
303.6   25.474
303.7   25.474
303.8   25.474
303.9   25.476
304.0   25.477
304.1   25.477
304.2   25.478
304.3   25.478
304.4   25.479
304.5   25.478
304.6   25.479
304.7   25.480
304.8   25.482
304.9   25.482
305.0   25.483
305.1   25.484
305.2   25.484
305.3   25.485
305.4   25.485
305.5   25.486
305.6   25.487
305.7   25.487
305.8   25.488
305.9   25.489
306.0   25.489
306.1   25.491
306.2   25.491
306.3   25.491
306.4   25.492
306.5   25.493
306.6   25.493
306.7   25.493
306.8   25.495
306.9   25.495
307.0   25.496
307.1   25.495
307.2   25.497
307.3   25.498
307.4   25.500
307.5   25.499
307.6   25.501
307.7   25.501
307.8   25.501
307.9   25.502
308.0   25.503
308.1   25.504
308.2   25.504
308.3   25.505
308.4   25.505
308.5   25.505
308.6   25.507
308.7   25.508
308.8   25.509
308.9   25.509
309.0   25.509
309.2   25.509
309.3   25.510
309.4   25.510
309.5   25.511
309.6   25.512
309.7   25.512
309.8   25.513
309.9   25.514
310.0   25.514
310.1   25.515
310.2   25.516
310.3   25.517
310.4   25.518
310.5   25.518
310.6   25.518
310.7   25.520
310.8   25.521
310.9   25.521
311.0   25.522
311.1   25.522
311.2   25.523
311.3   25.524
311.4   25.524
311.5   25.525
311.6   25.526
311.7   25.526
311.8   25.526
311.9   25.526
312.0   25.526
312.1   25.527
312.2   25.530
312.3   25.530
312.4   25.532
312.5   25.532
312.6   25.532
312.7   25.532
312.8   25.532
312.9   25.532
313.0   25.534
313.1   25.534
313.2   25.537
313.3   25.537
313.4   25.537
313.5   25.537
313.6   25.538
313.7   25.539
313.8   25.539
313.9   25.541
314.0   25.540
314.1   25.541
314.2   25.542
314.3   25.543
314.4   25.543
314.5   25.545
314.6   25.545
314.7   25.545
314.8   25.546
314.9   25.547
315.0   25.547
315.1   25.549
315.2   25.549
315.3   25.549
315.4   25.549
315.5   25.550
315.6   25.551
315.7   25.552
315.8   25.553
315.9   25.553
316.0   25.553
316.1   25.555
316.2   25.555
316.3   25.555
316.4   25.557
316.5   25.557
316.6   25.557
316.7   25.557
316.8   25.558
316.9   25.561
317.0   25.561
317.1   25.560
317.2   25.562
317.3   25.561
317.4   25.562
317.5   25.563
317.6   25.564
317.7   25.564
317.8   25.564
317.9   25.566
318.0   25.566
318.1   25.567
318.2   25.567
318.3   25.569
318.4   25.570
318.5   25.570
318.6   25.570
318.7   25.571
318.8   25.571
318.9   25.573
319.0   25.574
319.1   25.574
319.2   25.574
319.3   25.575
319.4   25.576
319.5   25.577
319.6   25.578
319.7   25.578
319.8   25.579
319.9   25.580
320.0   25.580
320.1   25.580
320.2   25.581
320.3   25.582
320.4   25.582
320.5   25.582
320.6   25.583
320.7   25.584
320.8   25.585
320.9   25.585
321.0   25.585
321.1   25.586
321.2   25.587
321.3   25.588
321.4   25.587
321.5   25.589
321.6   25.589
321.7   25.590
321.8   25.591
321.9   25.592
322.0   25.592
322.1   25.593
322.2   25.593
322.3   25.595
322.4   25.595
322.5   25.595
322.6   25.596
322.7   25.597
322.8   25.597
322.9   25.598
323.0   25.598
323.1   25.599
323.2   25.599
323.3   25.600
323.4   25.601
323.5   25.601
323.6   25.602
323.7   25.603
323.8   25.604
323.9   25.604
324.0   25.605
324.1   25.605
324.2   25.606
324.3   25.607
324.4   25.607
324.5   25.607
324.6   25.608
324.7   25.609
324.8   25.609
324.9   25.610
325.0   25.610
325.1   25.611
325.2   25.611
325.3   25.612
325.4   25.613
325.5   25.614
325.6   25.614
325.7   25.614
325.8   25.616
325.9   25.616
326.0   25.617
326.1   25.618
326.2   25.618
326.3   25.619
326.4   25.619
326.5   25.619
326.6   25.620
326.7   25.620
326.8   25.622
326.9   25.622
327.0   25.622
327.1   25.623
327.2   25.624
327.3   25.624
327.4   25.625
327.5   25.625
327.6   25.626
327.7   25.628
327.8   25.627
327.9   25.628
328.0   25.628
328.1   25.630
328.2   25.630
328.3   25.630
328.4   25.630
328.5   25.631
328.6   25.632
328.7   25.632
328.8   25.632
328.9   25.633
329.0   25.635
329.1   25.635
329.2   25.636
329.3   25.637
329.4   25.637
329.5   25.638
329.6   25.639
329.7   25.639
329.8   25.640
329.9   25.641
330.0   25.641
330.1   25.642
330.2   25.642
330.3   25.643
330.4   25.644
330.5   25.645
330.6   25.645
330.7   25.646
330.8   25.647
330.9   25.647
331.0   25.648
331.1   25.647
331.2   25.649
331.3   25.650
331.4   25.651
331.5   25.651
331.6   25.651
331.7   25.653
331.8   25.652
331.9   25.653
332.0   25.653
332.1   25.655
332.2   25.656
332.3   25.656
332.4   25.656
332.5   25.657
332.6   25.658
332.7   25.659
332.8   25.660
332.9   25.660
333.0   25.660
333.1   25.660
333.2   25.661
333.3   25.662
333.4   25.664
333.5   25.664
333.6   25.665
333.7   25.665
333.8   25.666
333.9   25.666
334.0   25.668
334.1   25.668
334.2   25.669
334.3   25.669
334.4   25.670
334.5   25.670
334.6   25.670
334.7   25.670
334.8   25.671
334.9   25.672
335.0   25.672
335.1   25.673
335.2   25.673
335.3   25.674
335.4   25.675
335.5   25.676
335.6   25.677
335.7   25.677
335.8   25.677
335.9   25.678
336.0   25.679
336.1   25.679
336.2   25.680
336.3   25.681
336.4   25.682
336.5   25.682
336.6   25.683
336.7   25.684
336.8   25.685
336.9   25.686
337.0   25.687
337.1   25.687
337.2   25.687
337.3   25.687
337.4   25.689
337.5   25.689
337.6   25.691
337.7   25.691
337.8   25.693
337.9   25.694
338.0   25.693
338.1   25.694
338.2   25.694
338.3   25.695
338.4   25.696
338.5   25.696
338.6   25.697
338.7   25.697
338.8   25.698
338.9   25.699
339.0   25.700
339.1   25.700
339.2   25.701
339.3   25.702
339.4   25.702
339.5   25.703
339.6   25.703
339.7   25.703
339.8   25.704
339.9   25.704
340.0   25.705
340.1   25.706
340.2   25.706
340.3   25.707
340.4   25.708
340.5   25.708
340.6   25.710
340.7   25.710
340.8   25.710
340.9   25.712
341.0   25.712
341.1   25.713
341.2   25.713
341.3   25.714
341.4   25.716
341.5   25.716
341.6   25.718
341.7   25.717
341.8   25.717
341.9   25.718
342.0   25.718
342.1   25.718
342.2   25.719
342.3   25.720
342.4   25.720
342.5   25.722
342.6   25.722
342.7   25.722
342.8   25.722
342.9   25.724
343.0   25.723
343.1   25.724
343.2   25.725
343.3   25.726
343.4   25.726
343.5   25.727
343.6   25.729
343.7   25.729
343.8   25.729
343.9   25.729
344.0   25.731
344.1   25.731
344.2   25.732
344.3   25.733
344.4   25.733
344.5   25.734
344.6   25.734
344.7   25.735
344.8   25.736
344.9   25.737
345.0   25.738
345.1   25.739
345.2   25.739
345.3   25.739
345.4   25.740
345.5   25.741
345.6   25.741
345.7   25.742
345.8   25.743
345.9   25.743
346.0   25.743
346.1   25.744
346.2   25.745
346.3   25.745
346.4   25.747
346.5   25.747
346.6   25.748
346.7   25.748
346.8   25.749
346.9   25.749
347.0   25.750
347.1   25.751
347.2   25.752
347.3   25.753
347.4   25.753
347.5   25.754
347.6   25.754
347.7   25.754
347.8   25.755
347.9   25.756
348.0   25.756
348.1   25.757
348.2   25.758
348.3   25.759
348.4   25.760
348.5   25.760
348.6   25.760
348.7   25.762
348.8   25.762
348.9   25.763
349.0   25.762
349.1   25.763
349.2   25.764
349.3   25.765
349.4   25.766
349.5   25.766
349.6   25.766
349.7   25.767
349.8   25.768
349.9   25.768
350.0   25.769
350.1   25.770
350.2   25.770
350.3   25.771
350.4   25.772
350.5   25.774
350.6   25.773
350.7   25.774
350.8   25.775
350.9   25.775
351.0   25.776
351.1   25.777
351.2   25.777
351.3   25.778
351.4   25.779
351.5   25.779
351.6   25.779
351.7   25.781
351.8   25.781
351.9   25.781
352.0   25.783
352.1   25.783
352.2   25.783
352.3   25.785
352.4   25.786
352.5   25.785
352.6   25.786
352.7   25.786
352.8   25.787
352.9   25.788
353.0   25.789
353.1   25.789
353.2   25.791
353.3   25.791
353.4   25.791
353.5   25.793
353.6   25.793
353.7   25.793
353.8   25.794
353.9   25.794
354.0   25.795
354.1   25.796
354.2   25.796
354.3   25.797
354.4   25.797
354.5   25.798
354.6   25.799
354.7   25.799
354.8   25.800
354.9   25.801
355.0   25.801
355.1   25.802
355.2   25.803
355.3   25.803
355.4   25.804
355.5   25.805
355.6   25.805
355.7   25.805
355.8   25.805
355.9   25.806
356.0   25.806
356.1   25.808
356.2   25.808
356.3   25.808
356.4   25.808
356.5   25.809
356.6   25.810
356.7   25.810
356.8   25.811
356.9   25.812
357.0   25.812
357.1   25.814
357.2   25.814
357.3   25.814
357.4   25.814
357.5   25.814
357.6   25.816
357.7   25.817
357.8   25.818
357.9   25.818
358.0   25.819
358.1   25.820
358.2   25.821
358.3   25.821
358.4   25.821
358.5   25.823
358.6   25.823
358.7   25.825
358.8   25.826
358.9   25.826
359.0   25.827
359.1   25.826
359.2   25.828
359.3   25.829
359.4   25.830
359.5   25.830
359.6   25.831
359.7   25.831
359.8   25.831
359.9   25.831
360.0   25.832
360.1   25.833
360.2   25.833
360.3   25.835
360.4   25.835
360.5   25.835
360.6   25.836
360.7   25.837
360.8   25.838
360.9   25.839
361.0   25.840
361.1   25.839
361.2   25.840
361.3   25.841
361.4   25.841
361.5   25.842
361.6   25.843
361.7   25.843
361.8   25.845
361.9   25.845
362.0   25.845
362.1   25.845
362.2   25.846
362.3   25.847
362.4   25.848
362.5   25.848
362.6   25.849
362.7   25.850
362.8   25.851
362.9   25.852
363.0   25.853
363.1   25.853
363.2   25.853
363.3   25.855
363.4   25.855
363.5   25.855
363.6   25.856
363.7   25.856
363.8   25.858
363.9   25.858
364.0   25.859
364.1   25.859
364.2   25.859
364.3   25.861
364.4   25.862
364.5   25.863
364.6   25.863
364.7   25.864
364.8   25.864
364.9   25.865
365.0   25.866
365.1   25.866
365.2   25.867
365.3   25.867
365.4   25.869
365.5   25.870
365.6   25.870
365.7   25.870
365.8   25.870
365.9   25.872
366.0   25.872
366.1   25.873
366.2   25.874
366.3   25.875
366.4   25.874
366.5   25.875
366.6   25.876
366.7   25.877
366.8   25.878
366.9   25.878
367.0   25.878
367.1   25.880
367.2   25.880
367.3   25.880
367.4   25.881
367.5   25.882
367.6   25.883
367.7   25.883
367.8   25.884
367.9   25.885
368.0   25.885
368.1   25.886
368.2   25.887
368.3   25.887
368.4   25.888
368.5   25.888
368.6   25.889
368.7   25.889
368.8   25.891
368.9   25.891
369.0   25.891
369.1   25.892
369.2   25.893
369.3   25.893
369.4   25.894
369.5   25.895
369.6   25.895
369.7   25.896
369.8   25.897
369.9   25.898
370.0   25.898
370.1   25.899
370.2   25.900
370.3   25.901
370.4   25.901
370.5   25.902
370.6   25.903
370.7   25.903
370.8   25.904
370.9   25.905
371.0   25.906
371.1   25.906
371.2   25.907
371.3   25.907
371.4   25.908
371.5   25.908
371.6   25.909
371.7   25.909
371.8   25.910
371.9   25.910
372.0   25.912
372.1   25.912
372.2   25.912
372.3   25.914
372.4   25.914
372.5   25.914
372.6   25.916
372.7   25.916
372.8   25.917
372.9   25.918
373.0   25.919
373.1   25.920
373.2   25.921
373.3   25.920
373.4   25.921
373.5   25.922
373.6   25.922
373.7   25.924
373.8   25.924
373.9   25.924
374.0   25.925
374.1   25.926
374.2   25.926
374.3   25.927
374.4   25.928
374.5   25.928
374.6   25.928
374.7   25.930
374.8   25.930
374.9   25.931
375.0   25.931
375.1   25.932
375.2   25.932
375.3   25.933
375.4   25.934
375.5   25.934
375.6   25.936
375.7   25.937
375.8   25.936
375.9   25.937
376.0   25.938
376.1   25.939
376.2   25.939
376.3   25.940
376.4   25.941
376.5   25.941
376.6   25.942
376.7   25.942
376.8   25.943
376.9   25.944
377.0   25.945
377.1   25.945
377.2   25.945
377.3   25.946
377.4   25.947
377.5   25.947
377.6   25.948
377.7   25.948
377.8   25.949
377.9   25.949
378.0   25.950
378.1   25.951
378.2   25.951
378.3   25.952
378.4   25.953
378.5   25.953
378.6   25.955
378.7   25.955
378.8   25.955
378.9   25.956
379.0   25.957
379.1   25.957
379.2   25.958
379.3   25.958
379.4   25.959
379.5   25.959
379.6   25.960
379.7   25.961
379.8   25.962
379.9   25.962
380.0   25.963
380.1   25.963
380.2   25.963
380.3   25.964
380.4   25.964
380.5   25.965
380.6   25.966
380.7   25.966
380.8   25.966
380.9   25.967
381.0   25.968
381.1   25.968
381.2   25.968
381.3   25.970
381.4   25.971
381.5   25.971
381.6   25.972
381.7   25.972
381.8   25.973
381.9   25.974
382.0   25.974
382.1   25.974
382.2   25.974
382.3   25.975
382.4   25.976
382.5   25.976
382.6   25.977
382.7   25.977
382.8   25.978
382.9   25.978
383.0   25.978
383.1   25.980
383.2   25.980
383.3   25.980
383.4   25.981
383.5   25.982
383.6   25.982
383.7   25.983
383.8   25.984
383.9   25.984
384.0   25.986
384.1   25.987
384.2   25.988
384.3   25.989
384.4   25.990
384.5   25.991
384.6   25.992
384.7   25.992
384.8   25.993
384.9   25.995
385.0   25.995
385.1   25.997
385.2   25.999
385.3   26.000
385.4   26.000
385.5   26.001
385.6   26.003
385.7   26.004
385.8   26.005
385.9   26.006
386.0   26.007
386.1   26.008
386.2   26.008
386.3   26.009
386.4   26.009
386.5   26.011
386.6   26.011
386.7   26.012
386.8   26.013
386.9   26.013
387.0   26.014
387.1   26.014
387.2   26.015
387.3   26.016
387.4   26.017
387.5   26.017
387.6   26.018
387.7   26.018
387.8   26.019
387.9   26.019
388.0   26.020
388.1   26.020
388.2   26.021
388.3   26.021
388.4   26.022
388.5   26.022
388.6   26.023
388.7   26.023
388.8   26.024
388.9   26.024
389.0   26.024
389.1   26.026
389.2   26.026
389.3   26.026
389.4   26.026
389.5   26.026
389.6   26.028
389.7   26.028
389.8   26.029
389.9   26.029
390.0   26.030
390.1   26.030
390.2   26.030
390.3   26.031
390.4   26.032
390.5   26.033
390.6   26.034
390.7   26.034
390.8   26.035
390.9   26.035
391.0   26.035
391.1   26.036
391.2   26.036
391.3   26.037
391.4   26.038
391.5   26.038
391.6   26.038
391.7   26.039
391.8   26.040
391.9   26.040
392.0   26.041
392.1   26.042
392.2   26.042
392.3   26.042
392.4   26.043
392.5   26.044
392.6   26.044
392.7   26.045
392.8   26.045
392.9   26.046
393.0   26.047
393.1   26.047
393.2   26.047
393.3   26.048
393.4   26.048
393.5   26.049
393.6   26.050
393.7   26.050
393.8   26.051
393.9   26.051
394.0   26.052
394.1   26.053
394.2   26.053
394.3   26.053
394.4   26.054
394.5   26.055
394.6   26.055
394.7   26.056
394.8   26.057
394.9   26.057
395.0   26.058
395.1   26.058
395.2   26.059
395.3   26.059
395.4   26.060
395.5   26.061
395.6   26.061
395.7   26.062
395.8   26.063
395.9   26.063
396.0   26.063
396.1   26.064
396.2   26.065
396.3   26.066
396.4   26.066
396.5   26.067
396.6   26.067
396.7   26.068
396.8   26.069
396.9   26.069
397.0   26.069
397.1   26.070
397.2   26.071
397.3   26.071
397.4   26.072
397.5   26.073
397.6   26.073
397.7   26.074
397.8   26.074
397.9   26.075
398.0   26.076
398.1   26.076
398.2   26.077
398.3   26.078
398.4   26.078
398.5   26.079
398.6   26.080
398.7   26.080
398.8   26.081
398.9   26.081
399.0   26.082
399.1   26.083
399.2   26.084
399.3   26.085
399.5   26.086
399.6   26.087
399.7   26.087
399.8   26.088
399.9   26.088
400.0   26.090
400.1   26.090
400.2   26.090
400.3   26.091
400.4   26.092
400.5   26.092
400.6   26.092
400.7   26.094
400.8   26.094
400.9   26.094
401.0   26.094
401.1   26.096
401.2   26.096
401.3   26.097
401.4   26.098
401.5   26.098
401.6   26.098
401.7   26.099
401.8   26.100
401.9   26.101
402.0   26.101
402.1   26.102
402.2   26.102
402.3   26.102
402.4   26.103
402.5   26.104
402.6   26.105
402.7   26.105
402.8   26.105
402.9   26.106
403.0   26.107
403.1   26.107
403.2   26.108
403.3   26.108
403.4   26.109
403.5   26.109
403.6   26.110
403.7   26.110
403.8   26.111
403.9   26.111
404.0   26.113
404.1   26.113
404.2   26.113
404.3   26.114
404.4   26.115
404.5   26.115
404.7   26.116
404.8   26.117
404.9   26.118
405.0   26.119
405.1   26.119
405.2   26.119
405.3   26.120
405.4   26.121
405.5   26.121
405.6   26.122
405.7   26.122
405.8   26.123
405.9   26.123
406.0   26.123
406.1   26.124
406.2   26.125
406.3   26.125
406.4   26.127
406.5   26.127
406.6   26.127
406.7   26.127
406.8   26.129
406.9   26.129
407.0   26.129
407.1   26.131
407.2   26.131
407.3   26.131
407.4   26.132
407.5   26.132
407.6   26.134
407.7   26.134
407.8   26.134
407.9   26.134
408.0   26.134
408.1   26.135
408.2   26.136
408.3   26.136
408.4   26.137
408.5   26.138
408.6   26.138
408.7   26.138
408.8   26.139
408.9   26.140
409.0   26.140
409.1   26.141
409.2   26.141
409.3   26.142
409.4   26.142
409.5   26.142
409.6   26.143
409.7   26.144
409.8   26.145
409.9   26.145
410.0   26.145
410.1   26.146
410.2   26.146
410.3   26.146
410.4   26.147
410.5   26.148
410.6   26.148
410.7   26.148
410.8   26.148
410.9   26.148
411.0   26.148
411.1   26.149
411.2   26.150
411.3   26.150
411.4   26.150
411.5   26.150
411.6   26.150
411.7   26.151
411.8   26.151
411.9   26.151
412.0   26.151