%Borehole RC370 (DTS)
%Measured in 2015 by C.Pickler, J.C.Mareschal, A.Chacon-Oecklers, H. Beltrami, F.Suárez, N. Blin, and M.T.Corte

%Location 27.98083S    70.61667W

   2.0066000e+01   2.1840000e+01
   2.0320000e+01   2.1850000e+01
   2.0574000e+01   2.1870000e+01
   2.0828000e+01   2.1860000e+01
   2.1082000e+01   2.1890000e+01
   2.1336000e+01   2.1850000e+01
   2.1590000e+01   2.1870000e+01
   2.1844000e+01   2.1900000e+01
   2.2098000e+01   2.1920000e+01
   2.2352000e+01   2.1940000e+01
   2.2606000e+01   2.1920000e+01
   2.2860000e+01   2.1890000e+01
   2.3114000e+01   2.1830000e+01
   2.3368000e+01   2.1830000e+01
   2.3622000e+01   2.1900000e+01
   2.3876000e+01   2.1890000e+01
   2.4130000e+01   2.1950000e+01
   2.4384000e+01   2.1910000e+01
   2.4638000e+01   2.1900000e+01
   2.4892000e+01   2.1870000e+01
   2.5146000e+01   2.1890000e+01
   2.5400000e+01   2.1890000e+01
   2.5654000e+01   2.1890000e+01
   2.5908000e+01   2.1870000e+01
   2.6162000e+01   2.1850000e+01
   2.6416000e+01   2.1890000e+01
   2.6670000e+01   2.1880000e+01
   2.6924000e+01   2.1910000e+01
   2.7178000e+01   2.1950000e+01
   2.7432000e+01   2.1900000e+01
   2.7686000e+01   2.1930000e+01
   2.7940000e+01   2.1860000e+01
   2.8194000e+01   2.1880000e+01
   2.8448000e+01   2.1930000e+01
   2.8702000e+01   2.1910000e+01
   2.8956000e+01   2.1900000e+01
   2.9210000e+01   2.1890000e+01
   2.9464000e+01   2.1910000e+01
   2.9718000e+01   2.1880000e+01
   2.9972000e+01   2.1880000e+01
   3.0226000e+01   2.1970000e+01
   3.0480000e+01   2.1910000e+01
   3.0734000e+01   2.1900000e+01
   3.0988000e+01   2.1900000e+01
   3.1242000e+01   2.1930000e+01
   3.1496000e+01   2.1940000e+01
   3.1750000e+01   2.1910000e+01
   3.2004000e+01   2.1910000e+01
   3.2258000e+01   2.1970000e+01
   3.2512000e+01   2.1950000e+01
   3.2766000e+01   2.1950000e+01
   3.3020000e+01   2.1920000e+01
   3.3274000e+01   2.1940000e+01
   3.3528000e+01   2.1930000e+01
   3.3782000e+01   2.1910000e+01
   3.4036000e+01   2.1930000e+01
   3.4290000e+01   2.1930000e+01
   3.4544000e+01   2.1930000e+01
   3.4798000e+01   2.1960000e+01
   3.5052000e+01   2.1940000e+01
   3.5306000e+01   2.1960000e+01
   3.5560000e+01   2.1970000e+01
   3.5814000e+01   2.1960000e+01
   3.6068000e+01   2.1950000e+01
   3.6322000e+01   2.1970000e+01
   3.6576000e+01   2.1940000e+01
   3.6830000e+01   2.1950000e+01
   3.7084000e+01   2.1950000e+01
   3.7338000e+01   2.1960000e+01
   3.7592000e+01   2.1990000e+01
   3.7846000e+01   2.1960000e+01
   3.8100000e+01   2.1990000e+01
   3.8354000e+01   2.2000000e+01
   3.8608000e+01   2.1960000e+01
   3.8862000e+01   2.1990000e+01
   3.9116000e+01   2.1970000e+01
   3.9370000e+01   2.2010000e+01
   3.9624000e+01   2.2020000e+01
   3.9878000e+01   2.1980000e+01
   4.0132000e+01   2.2020000e+01
   4.0386000e+01   2.2010000e+01
   4.0640000e+01   2.1970000e+01
   4.0894000e+01   2.1970000e+01
   4.1148000e+01   2.1940000e+01
   4.1402000e+01   2.1980000e+01
   4.1656000e+01   2.1950000e+01
   4.1910000e+01   2.1980000e+01
   4.2164000e+01   2.1990000e+01
   4.2418000e+01   2.2000000e+01
   4.2672000e+01   2.1990000e+01
   4.2926000e+01   2.1950000e+01
   4.3180000e+01   2.1890000e+01
   4.3434000e+01   2.1960000e+01
   4.3688000e+01   2.1950000e+01
   4.3942000e+01   2.1990000e+01
   4.4196000e+01   2.1990000e+01
   4.4450000e+01   2.1970000e+01
   4.4704000e+01   2.1930000e+01
   4.4958000e+01   2.1900000e+01
   4.5212000e+01   2.1910000e+01
   4.5466000e+01   2.1920000e+01
   4.5720000e+01   2.1940000e+01
   4.5974000e+01   2.1970000e+01
   4.6228000e+01   2.1910000e+01
   4.6482000e+01   2.1950000e+01
   4.6736000e+01   2.1940000e+01
   4.6990000e+01   2.1990000e+01
   4.7244000e+01   2.1980000e+01
   4.7498000e+01   2.2020000e+01
   4.7752000e+01   2.1940000e+01
   4.8006000e+01   2.1970000e+01
   4.8260000e+01   2.1990000e+01
   4.8514000e+01   2.2000000e+01
   4.8768000e+01   2.2060000e+01
   4.9022000e+01   2.2090000e+01
   4.9276000e+01   2.2020000e+01
   4.9530000e+01   2.1990000e+01
   4.9784000e+01   2.2000000e+01
   5.0038000e+01   2.1990000e+01
   5.0292000e+01   2.1980000e+01
   5.0546000e+01   2.1990000e+01
   5.0800000e+01   2.1990000e+01
   5.1054000e+01   2.2030000e+01
   5.1308000e+01   2.2010000e+01
   5.1562000e+01   2.2020000e+01
   5.1816000e+01   2.2010000e+01
   5.2070000e+01   2.2020000e+01
   5.2324000e+01   2.1980000e+01
   5.2578000e+01   2.1960000e+01
   5.2832000e+01   2.1980000e+01
   5.3086000e+01   2.1940000e+01
   5.3340000e+01   2.1920000e+01
   5.3594000e+01   2.1940000e+01
   5.3848000e+01   2.1960000e+01
   5.4102000e+01   2.2010000e+01
   5.4356000e+01   2.2000000e+01
   5.4610000e+01   2.1980000e+01
   5.4864000e+01   2.2000000e+01
   5.5118000e+01   2.1960000e+01
   5.5372000e+01   2.1970000e+01
   5.5626000e+01   2.2040000e+01
   5.5880000e+01   2.2010000e+01
   5.6134000e+01   2.2030000e+01
   5.6388000e+01   2.1970000e+01
   5.6642000e+01   2.1940000e+01
   5.6896000e+01   2.1960000e+01
   5.7150000e+01   2.1970000e+01
   5.7404000e+01   2.1980000e+01
   5.7658000e+01   2.1990000e+01
   5.7912000e+01   2.1970000e+01
   5.8166000e+01   2.2020000e+01
   5.8420000e+01   2.1980000e+01
   5.8674000e+01   2.1990000e+01
   5.8928000e+01   2.1970000e+01
   5.9182000e+01   2.2020000e+01
   5.9436000e+01   2.2030000e+01
   5.9690000e+01   2.2040000e+01
   5.9944000e+01   2.2060000e+01
   6.0198000e+01   2.2040000e+01
   6.0452000e+01   2.2020000e+01
   6.0706000e+01   2.2000000e+01
   6.0960000e+01   2.2010000e+01
   6.1214000e+01   2.2010000e+01
   6.1468000e+01   2.2000000e+01
   6.1722000e+01   2.2040000e+01
   6.1976000e+01   2.1980000e+01
   6.2230000e+01   2.2000000e+01
   6.2484000e+01   2.2020000e+01
   6.2738000e+01   2.2050000e+01
   6.2992000e+01   2.2000000e+01
   6.3246000e+01   2.2020000e+01
   6.3500000e+01   2.1960000e+01
   6.3754000e+01   2.2000000e+01
   6.4008000e+01   2.2030000e+01
   6.4262000e+01   2.2030000e+01
   6.4516000e+01   2.2000000e+01
   6.4770000e+01   2.2010000e+01
   6.5024000e+01   2.1990000e+01
   6.5278000e+01   2.2020000e+01
   6.5532000e+01   2.2000000e+01
   6.5786000e+01   2.2010000e+01
   6.6040000e+01   2.2040000e+01
   6.6294000e+01   2.2060000e+01
   6.6548000e+01   2.2080000e+01
   6.6802000e+01   2.2030000e+01
   6.7056000e+01   2.2010000e+01
   6.7310000e+01   2.2040000e+01
   6.7564000e+01   2.2010000e+01
   6.7818000e+01   2.2060000e+01
   6.8072000e+01   2.2090000e+01
   6.8326000e+01   2.2050000e+01
   6.8580000e+01   2.2040000e+01
   6.8834000e+01   2.2050000e+01
   6.9088000e+01   2.2050000e+01
   6.9342000e+01   2.2050000e+01
   6.9596000e+01   2.2080000e+01
   6.9850000e+01   2.2070000e+01
   7.0104000e+01   2.2000000e+01
   7.0358000e+01   2.2060000e+01
   7.0612000e+01   2.2060000e+01
   7.0866000e+01   2.2020000e+01
   7.1120000e+01   2.2030000e+01
   7.1374000e+01   2.2060000e+01
   7.1628000e+01   2.2050000e+01
   7.1882000e+01   2.2070000e+01
   7.2136000e+01   2.2080000e+01
   7.2390000e+01   2.2150000e+01
   7.2644000e+01   2.2090000e+01
   7.2898000e+01   2.2050000e+01
   7.3152000e+01   2.2030000e+01
   7.3406000e+01   2.2020000e+01
   7.3660000e+01   2.2000000e+01
   7.3914000e+01   2.2070000e+01
   7.4168000e+01   2.2080000e+01
   7.4422000e+01   2.2070000e+01
   7.4676000e+01   2.2100000e+01
   7.4930000e+01   2.2120000e+01
   7.5184000e+01   2.2050000e+01
   7.5438000e+01   2.2090000e+01
   7.5692000e+01   2.2080000e+01
   7.5946000e+01   2.2150000e+01
   7.6200000e+01   2.2140000e+01
   7.6454000e+01   2.2150000e+01
   7.6708000e+01   2.2150000e+01
   7.6962000e+01   2.2130000e+01
   7.7216000e+01   2.2110000e+01
   7.7470000e+01   2.2110000e+01
   7.7724000e+01   2.2110000e+01
   7.7978000e+01   2.2150000e+01
   7.8232000e+01   2.2080000e+01
   7.8486000e+01   2.2150000e+01
   7.8740000e+01   2.2100000e+01
   7.8994000e+01   2.2100000e+01
   7.9248000e+01   2.2080000e+01
   7.9502000e+01   2.2130000e+01
   7.9756000e+01   2.2090000e+01
   8.0010000e+01   2.2120000e+01
   8.0264000e+01   2.2120000e+01
   8.0518000e+01   2.2120000e+01
   8.0772000e+01   2.2130000e+01
   8.1026000e+01   2.2110000e+01
   8.1280000e+01   2.2140000e+01
   8.1534000e+01   2.2140000e+01
   8.1788000e+01   2.2110000e+01
   8.2042000e+01   2.2140000e+01
   8.2296000e+01   2.2160000e+01
   8.2550000e+01   2.2160000e+01
   8.2804000e+01   2.2090000e+01
   8.3058000e+01   2.2110000e+01
   8.3312000e+01   2.2100000e+01
   8.3566000e+01   2.2090000e+01
   8.3820000e+01   2.2100000e+01
   8.4074000e+01   2.2100000e+01
   8.4328000e+01   2.2130000e+01
   8.4582000e+01   2.2160000e+01
   8.4836000e+01   2.2110000e+01
   8.5090000e+01   2.2180000e+01
   8.5344000e+01   2.2140000e+01
   8.5598000e+01   2.2190000e+01
   8.5852000e+01   2.2140000e+01
   8.6106000e+01   2.2140000e+01
   8.6360000e+01   2.2180000e+01
   8.6614000e+01   2.2160000e+01
   8.6868000e+01   2.2160000e+01
   8.7122000e+01   2.2150000e+01
   8.7376000e+01   2.2120000e+01
   8.7630000e+01   2.2170000e+01
   8.7884000e+01   2.2190000e+01
   8.8138000e+01   2.2180000e+01
   8.8392000e+01   2.2130000e+01
   8.8646000e+01   2.2130000e+01
   8.8900000e+01   2.2150000e+01
   8.9154000e+01   2.2240000e+01
   8.9408000e+01   2.2160000e+01
   8.9662000e+01   2.2160000e+01
   8.9916000e+01   2.2140000e+01
   9.0170000e+01   2.2180000e+01
   9.0424000e+01   2.2210000e+01
   9.0678000e+01   2.2220000e+01
   9.0932000e+01   2.2200000e+01
   9.1186000e+01   2.2200000e+01
   9.1440000e+01   2.2190000e+01
   9.1694000e+01   2.2180000e+01
   9.1948000e+01   2.2150000e+01
   9.2202000e+01   2.2170000e+01
   9.2456000e+01   2.2190000e+01
   9.2710000e+01   2.2230000e+01
   9.2964000e+01   2.2210000e+01
   9.3218000e+01   2.2180000e+01
   9.3472000e+01   2.2150000e+01
   9.3726000e+01   2.2200000e+01
   9.3980000e+01   2.2150000e+01
   9.4234000e+01   2.2190000e+01
   9.4488000e+01   2.2160000e+01
   9.4742000e+01   2.2200000e+01
   9.4996000e+01   2.2230000e+01
   9.5250000e+01   2.2250000e+01
   9.5504000e+01   2.2180000e+01
   9.5758000e+01   2.2200000e+01
   9.6012000e+01   2.2170000e+01
   9.6266000e+01   2.2170000e+01
   9.6520000e+01   2.2200000e+01
   9.6774000e+01   2.2220000e+01
   9.7028000e+01   2.2190000e+01
   9.7282000e+01   2.2200000e+01
   9.7536000e+01   2.2190000e+01
   9.7790000e+01   2.2230000e+01
   9.8044000e+01   2.2230000e+01
   9.8298000e+01   2.2230000e+01
   9.8552000e+01   2.2220000e+01
   9.8806000e+01   2.2200000e+01
   9.9060000e+01   2.2250000e+01
   9.9314000e+01   2.2260000e+01
   9.9568000e+01   2.2250000e+01
   9.9822000e+01   2.2310000e+01
   1.0007600e+02   2.2250000e+01
   1.0033000e+02   2.2230000e+01
   1.0058400e+02   2.2230000e+01
   1.0083800e+02   2.2230000e+01
   1.0109200e+02   2.2270000e+01
   1.0134600e+02   2.2270000e+01
   1.0160000e+02   2.2240000e+01
   1.0185400e+02   2.2250000e+01
   1.0210800e+02   2.2250000e+01
   1.0236200e+02   2.2250000e+01
   1.0261600e+02   2.2260000e+01
   1.0287000e+02   2.2320000e+01
   1.0312400e+02   2.2250000e+01
   1.0337800e+02   2.2260000e+01
   1.0363200e+02   2.2270000e+01
   1.0388600e+02   2.2250000e+01
   1.0414000e+02   2.2200000e+01
   1.0439400e+02   2.2290000e+01
   1.0464800e+02   2.2280000e+01
   1.0490200e+02   2.2270000e+01
   1.0515600e+02   2.2230000e+01
   1.0541000e+02   2.2200000e+01
   1.0566400e+02   2.2270000e+01
   1.0591800e+02   2.2290000e+01
   1.0617200e+02   2.2260000e+01
   1.0642600e+02   2.2300000e+01
   1.0668000e+02   2.2280000e+01
   1.0693400e+02   2.2250000e+01
   1.0718800e+02   2.2260000e+01
   1.0744200e+02   2.2310000e+01
   1.0769600e+02   2.2300000e+01
   1.0795000e+02   2.2300000e+01
   1.0820400e+02   2.2280000e+01
   1.0845800e+02   2.2350000e+01
   1.0871200e+02   2.2280000e+01
   1.0896600e+02   2.2240000e+01
   1.0922000e+02   2.2250000e+01
   1.0947400e+02   2.2260000e+01
   1.0972800e+02   2.2270000e+01
   1.0998200e+02   2.2280000e+01
   1.1023600e+02   2.2310000e+01
   1.1049000e+02   2.2320000e+01
   1.1074400e+02   2.2270000e+01
   1.1099800e+02   2.2280000e+01
   1.1125200e+02   2.2200000e+01
   1.1150600e+02   2.2290000e+01
   1.1176000e+02   2.2300000e+01
   1.1201400e+02   2.2300000e+01
   1.1226800e+02   2.2300000e+01
   1.1252200e+02   2.2320000e+01
   1.1277600e+02   2.2320000e+01
   1.1303000e+02   2.2290000e+01
   1.1328400e+02   2.2290000e+01
   1.1353800e+02   2.2310000e+01
   1.1379200e+02   2.2280000e+01
   1.1404600e+02   2.2290000e+01
   1.1430000e+02   2.2280000e+01
   1.1455400e+02   2.2300000e+01
   1.1480800e+02   2.2300000e+01
   1.1506200e+02   2.2330000e+01
   1.1531600e+02   2.2340000e+01
   1.1557000e+02   2.2320000e+01
   1.1582400e+02   2.2330000e+01
   1.1607800e+02   2.2350000e+01
   1.1633200e+02   2.2310000e+01
   1.1658600e+02   2.2340000e+01
   1.1684000e+02   2.2300000e+01
   1.1709400e+02   2.2340000e+01
   1.1734800e+02   2.2290000e+01
   1.1760200e+02   2.2320000e+01
   1.1785600e+02   2.2350000e+01
   1.1811000e+02   2.2340000e+01
   1.1836400e+02   2.2340000e+01
   1.1861800e+02   2.2360000e+01
   1.1887200e+02   2.2280000e+01
   1.1912600e+02   2.2360000e+01
   1.1938000e+02   2.2350000e+01
   1.1963400e+02   2.2360000e+01
   1.1988800e+02   2.2320000e+01
   1.2014200e+02   2.2350000e+01
   1.2039600e+02   2.2360000e+01
   1.2065000e+02   2.2350000e+01
   1.2090400e+02   2.2310000e+01
   1.2115800e+02   2.2340000e+01
   1.2141200e+02   2.2350000e+01
   1.2166600e+02   2.2430000e+01
   1.2192000e+02   2.2380000e+01
   1.2217400e+02   2.2380000e+01
   1.2242800e+02   2.2410000e+01
   1.2268200e+02   2.2380000e+01
   1.2293600e+02   2.2390000e+01
   1.2319000e+02   2.2380000e+01
   1.2344400e+02   2.2360000e+01
   1.2369800e+02   2.2400000e+01
   1.2395200e+02   2.2360000e+01
   1.2420600e+02   2.2340000e+01
   1.2446000e+02   2.2320000e+01
   1.2471400e+02   2.2350000e+01
   1.2496800e+02   2.2370000e+01
   1.2522200e+02   2.2440000e+01
   1.2547600e+02   2.2420000e+01
   1.2573000e+02   2.2360000e+01
   1.2598400e+02   2.2340000e+01
   1.2623800e+02   2.2390000e+01
   1.2649200e+02   2.2410000e+01
   1.2674600e+02   2.2420000e+01
   1.2700000e+02   2.2380000e+01
   1.2725400e+02   2.2400000e+01
   1.2750800e+02   2.2400000e+01
   1.2776200e+02   2.2430000e+01
   1.2801600e+02   2.2400000e+01
   1.2827000e+02   2.2440000e+01
   1.2852400e+02   2.2380000e+01
   1.2877800e+02   2.2430000e+01
   1.2903200e+02   2.2400000e+01
   1.2928600e+02   2.2410000e+01
   1.2954000e+02   2.2430000e+01
   1.2979400e+02   2.2470000e+01
   1.3004800e+02   2.2480000e+01
   1.3030200e+02   2.2480000e+01
   1.3055600e+02   2.2440000e+01
   1.3081000e+02   2.2450000e+01
   1.3106400e+02   2.2410000e+01
   1.3131800e+02   2.2460000e+01
   1.3157200e+02   2.2470000e+01
   1.3182600e+02   2.2430000e+01
   1.3208000e+02   2.2410000e+01
   1.3233400e+02   2.2430000e+01
   1.3258800e+02   2.2470000e+01
   1.3284200e+02   2.2440000e+01
   1.3309600e+02   2.2400000e+01
   1.3335000e+02   2.2430000e+01
   1.3360400e+02   2.2400000e+01
   1.3385800e+02   2.2420000e+01
   1.3411200e+02   2.2430000e+01
   1.3436600e+02   2.2470000e+01
   1.3462000e+02   2.2470000e+01
   1.3487400e+02   2.2520000e+01
   1.3512800e+02   2.2450000e+01
   1.3538200e+02   2.2430000e+01
   1.3563600e+02   2.2390000e+01
   1.3589000e+02   2.2450000e+01
   1.3614400e+02   2.2470000e+01
   1.3639800e+02   2.2440000e+01
   1.3665200e+02   2.2450000e+01
   1.3690600e+02   2.2450000e+01
   1.3716000e+02   2.2440000e+01
   1.3741400e+02   2.2440000e+01
   1.3766800e+02   2.2410000e+01
   1.3792200e+02   2.2470000e+01
   1.3817600e+02   2.2450000e+01
   1.3843000e+02   2.2460000e+01
   1.3868400e+02   2.2480000e+01
   1.3893800e+02   2.2510000e+01
   1.3919200e+02   2.2520000e+01
   1.3944600e+02   2.2560000e+01
   1.3970000e+02   2.2520000e+01
   1.3995400e+02   2.2530000e+01
   1.4020800e+02   2.2490000e+01
   1.4046200e+02   2.2520000e+01
   1.4071600e+02   2.2500000e+01
   1.4097000e+02   2.2520000e+01
   1.4122400e+02   2.2520000e+01
   1.4147800e+02   2.2510000e+01
   1.4173200e+02   2.2450000e+01
   1.4198600e+02   2.2490000e+01
   1.4224000e+02   2.2510000e+01
   1.4249400e+02   2.2500000e+01
   1.4274800e+02   2.2520000e+01
   1.4300200e+02   2.2530000e+01
   1.4325600e+02   2.2550000e+01
   1.4351000e+02   2.2520000e+01
   1.4376400e+02   2.2500000e+01
   1.4401800e+02   2.2530000e+01
   1.4427200e+02   2.2530000e+01
   1.4452600e+02   2.2550000e+01
   1.4478000e+02   2.2520000e+01
   1.4503400e+02   2.2520000e+01
   1.4528800e+02   2.2530000e+01
   1.4554200e+02   2.2610000e+01
   1.4579600e+02   2.2550000e+01
   1.4605000e+02   2.2550000e+01
   1.4630400e+02   2.2630000e+01
   1.4655800e+02   2.2650000e+01
   1.4681200e+02   2.2580000e+01
   1.4706600e+02   2.2590000e+01
   1.4732000e+02   2.2570000e+01
   1.4757400e+02   2.2620000e+01
   1.4782800e+02   2.2620000e+01
   1.4808200e+02   2.2650000e+01
   1.4833600e+02   2.2650000e+01
   1.4859000e+02   2.2590000e+01
   1.4884400e+02   2.2580000e+01
   1.4909800e+02   2.2630000e+01
   1.4935200e+02   2.2570000e+01
   1.4960600e+02   2.2670000e+01
   1.4986000e+02   2.2620000e+01
   1.5011400e+02   2.2600000e+01
   1.5036800e+02   2.2600000e+01
   1.5062200e+02   2.2650000e+01
   1.5087600e+02   2.2640000e+01
   1.5113000e+02   2.2660000e+01
   1.5138400e+02   2.2650000e+01
   1.5163800e+02   2.2640000e+01
   1.5189200e+02   2.2580000e+01
   1.5214600e+02   2.2630000e+01
   1.5240000e+02   2.2630000e+01
   1.5265400e+02   2.2620000e+01
   1.5290800e+02   2.2630000e+01
   1.5316200e+02   2.2640000e+01
   1.5341600e+02   2.2660000e+01
   1.5367000e+02   2.2690000e+01
   1.5392400e+02   2.2630000e+01
   1.5417800e+02   2.2690000e+01
   1.5443200e+02   2.2660000e+01
   1.5468600e+02   2.2690000e+01
   1.5494000e+02   2.2680000e+01
   1.5519400e+02   2.2650000e+01
   1.5544800e+02   2.2620000e+01
   1.5570200e+02   2.2670000e+01
   1.5595600e+02   2.2660000e+01
   1.5621000e+02   2.2700000e+01
   1.5646400e+02   2.2660000e+01
   1.5671800e+02   2.2610000e+01
   1.5697200e+02   2.2640000e+01
   1.5722600e+02   2.2690000e+01
   1.5748000e+02   2.2670000e+01
   1.5773400e+02   2.2710000e+01
   1.5798800e+02   2.2700000e+01
   1.5824200e+02   2.2710000e+01
   1.5849600e+02   2.2700000e+01
   1.5875000e+02   2.2690000e+01
   1.5900400e+02   2.2660000e+01
   1.5925800e+02   2.2700000e+01
   1.5951200e+02   2.2670000e+01
   1.5976600e+02   2.2670000e+01
   1.6002000e+02   2.2690000e+01
   1.6027400e+02   2.2770000e+01
   1.6052800e+02   2.2730000e+01
   1.6078200e+02   2.2720000e+01
   1.6103600e+02   2.2680000e+01
   1.6129000e+02   2.2670000e+01
   1.6154400e+02   2.2700000e+01
   1.6179800e+02   2.2740000e+01
   1.6205200e+02   2.2690000e+01
   1.6230600e+02   2.2740000e+01
   1.6256000e+02   2.2720000e+01
   1.6281400e+02   2.2720000e+01
   1.6306800e+02   2.2750000e+01
   1.6332200e+02   2.2720000e+01
   1.6357600e+02   2.2740000e+01
   1.6383000e+02   2.2770000e+01
   1.6408400e+02   2.2730000e+01
   1.6433800e+02   2.2730000e+01
   1.6459200e+02   2.2720000e+01
   1.6484600e+02   2.2720000e+01
   1.6510000e+02   2.2730000e+01
   1.6535400e+02   2.2780000e+01
   1.6560800e+02   2.2770000e+01
   1.6586200e+02   2.2780000e+01
   1.6611600e+02   2.2770000e+01
   1.6637000e+02   2.2760000e+01
   1.6662400e+02   2.2740000e+01
   1.6687800e+02   2.2760000e+01
   1.6713200e+02   2.2760000e+01
   1.6738600e+02   2.2750000e+01
   1.6764000e+02   2.2770000e+01
   1.6789400e+02   2.2830000e+01
   1.6814800e+02   2.2770000e+01
   1.6840200e+02   2.2760000e+01
   1.6865600e+02   2.2700000e+01
   1.6891000e+02   2.2790000e+01
   1.6916400e+02   2.2740000e+01
   1.6941800e+02   2.2770000e+01
   1.6967200e+02   2.2790000e+01
   1.6992600e+02   2.2780000e+01
   1.7018000e+02   2.2790000e+01
   1.7043400e+02   2.2810000e+01
   1.7068800e+02   2.2780000e+01
   1.7094200e+02   2.2780000e+01
   1.7119600e+02   2.2770000e+01
   1.7145000e+02   2.2790000e+01
   1.7170400e+02   2.2760000e+01
   1.7195800e+02   2.2810000e+01
   1.7221200e+02   2.2800000e+01
   1.7246600e+02   2.2790000e+01
   1.7272000e+02   2.2810000e+01
   1.7297400e+02   2.2810000e+01
   1.7322800e+02   2.2800000e+01
   1.7348200e+02   2.2790000e+01
   1.7373600e+02   2.2800000e+01
   1.7399000e+02   2.2830000e+01
   1.7424400e+02   2.2790000e+01
   1.7449800e+02   2.2800000e+01
   1.7475200e+02   2.2800000e+01
   1.7500600e+02   2.2860000e+01
   1.7526000e+02   2.2770000e+01
   1.7551400e+02   2.2790000e+01
   1.7576800e+02   2.2850000e+01
   1.7602200e+02   2.2810000e+01
   1.7627600e+02   2.2850000e+01
   1.7653000e+02   2.2860000e+01
   1.7678400e+02   2.2810000e+01
   1.7703800e+02   2.2830000e+01
   1.7729200e+02   2.2830000e+01
   1.7754600e+02   2.2880000e+01
   1.7780000e+02   2.2820000e+01
   1.7805400e+02   2.2800000e+01
   1.7830800e+02   2.2810000e+01
   1.7856200e+02   2.2820000e+01
   1.7881600e+02   2.2770000e+01
   1.7907000e+02   2.2810000e+01
   1.7932400e+02   2.2840000e+01
   1.7957800e+02   2.2840000e+01
   1.7983200e+02   2.2830000e+01
   1.8008600e+02   2.2870000e+01
   1.8034000e+02   2.2850000e+01
   1.8059400e+02   2.2890000e+01
   1.8084800e+02   2.2840000e+01
   1.8110200e+02   2.2790000e+01
   1.8135600e+02   2.2850000e+01
   1.8161000e+02   2.2880000e+01
   1.8186400e+02   2.2810000e+01
   1.8211800e+02   2.2840000e+01
   1.8237200e+02   2.2840000e+01
   1.8262600e+02   2.2820000e+01
   1.8288000e+02   2.2840000e+01
   1.8313400e+02   2.2900000e+01
   1.8338800e+02   2.2860000e+01
   1.8364200e+02   2.2830000e+01
   1.8389600e+02   2.2880000e+01
   1.8415000e+02   2.2850000e+01
   1.8440400e+02   2.2820000e+01
   1.8465800e+02   2.2880000e+01
   1.8491200e+02   2.2910000e+01
   1.8516600e+02   2.2900000e+01
   1.8542000e+02   2.2870000e+01
   1.8567400e+02   2.2880000e+01
   1.8592800e+02   2.2890000e+01
   1.8618200e+02   2.2880000e+01
   1.8643600e+02   2.2860000e+01
   1.8669000e+02   2.2910000e+01
   1.8694400e+02   2.2910000e+01
   1.8719800e+02   2.2950000e+01
   1.8745200e+02   2.2910000e+01
   1.8770600e+02   2.2950000e+01
   1.8796000e+02   2.2910000e+01
   1.8821400e+02   2.2910000e+01
   1.8846800e+02   2.2930000e+01
   1.8872200e+02   2.2940000e+01
   1.8897600e+02   2.2930000e+01
   1.8923000e+02   2.2940000e+01
   1.8948400e+02   2.2970000e+01
   1.8973800e+02   2.2930000e+01
   1.8999200e+02   2.2930000e+01
   1.9024600e+02   2.2940000e+01
   1.9050000e+02   2.2920000e+01
   1.9075400e+02   2.2940000e+01
   1.9100800e+02   2.2900000e+01
   1.9126200e+02   2.2950000e+01
   1.9151600e+02   2.2900000e+01
   1.9177000e+02   2.2890000e+01
   1.9202400e+02   2.2900000e+01
   1.9227800e+02   2.2960000e+01
   1.9253200e+02   2.2950000e+01
   1.9278600e+02   2.2970000e+01
   1.9304000e+02   2.2920000e+01
   1.9329400e+02   2.2930000e+01
   1.9354800e+02   2.2940000e+01
   1.9380200e+02   2.2910000e+01
   1.9405600e+02   2.2940000e+01
   1.9431000e+02   2.2990000e+01
   1.9456400e+02   2.2950000e+01
   1.9481800e+02   2.2980000e+01
   1.9507200e+02   2.2920000e+01
   1.9532600e+02   2.2920000e+01
   1.9558000e+02   2.2940000e+01
   1.9583400e+02   2.2990000e+01
   1.9608800e+02   2.3030000e+01
   1.9634200e+02   2.3040000e+01
   1.9659600e+02   2.2990000e+01
   1.9685000e+02   2.2950000e+01
   1.9710400e+02   2.2990000e+01
   1.9735800e+02   2.3020000e+01
   1.9761200e+02   2.3010000e+01
   1.9786600e+02   2.3010000e+01
   1.9812000e+02   2.2990000e+01
   1.9837400e+02   2.3040000e+01
   1.9862800e+02   2.3020000e+01
   1.9888200e+02   2.3020000e+01
   1.9913600e+02   2.2980000e+01
   1.9939000e+02   2.3010000e+01
   1.9964400e+02   2.3010000e+01
   1.9989800e+02   2.3070000e+01
   2.0015200e+02   2.3080000e+01
   2.0040600e+02   2.3040000e+01
   2.0066000e+02   2.3020000e+01
   2.0091400e+02   2.3050000e+01
   2.0116800e+02   2.3030000e+01
   2.0142200e+02   2.3050000e+01
   2.0167600e+02   2.3070000e+01
   2.0193000e+02   2.3100000e+01
   2.0218400e+02   2.3070000e+01
   2.0243800e+02   2.3040000e+01
   2.0269200e+02   2.3050000e+01
   2.0294600e+02   2.3060000e+01
   2.0320000e+02   2.3040000e+01
   2.0345400e+02   2.3060000e+01
   2.0370800e+02   2.3050000e+01
   2.0396200e+02   2.3110000e+01
   2.0421600e+02   2.3070000e+01
   2.0447000e+02   2.3090000e+01
   2.0472400e+02   2.3050000e+01
   2.0497800e+02   2.3050000e+01
   2.0523200e+02   2.3070000e+01
   2.0548600e+02   2.3120000e+01
   2.0574000e+02   2.3050000e+01
   2.0599400e+02   2.3030000e+01
   2.0624800e+02   2.3050000e+01
   2.0650200e+02   2.3140000e+01
   2.0675600e+02   2.3150000e+01
   2.0701000e+02   2.3130000e+01
   2.0726400e+02   2.3120000e+01
   2.0751800e+02   2.3140000e+01
   2.0777200e+02   2.3120000e+01
   2.0802600e+02   2.3090000e+01
   2.0828000e+02   2.3080000e+01
   2.0853400e+02   2.3130000e+01
   2.0878800e+02   2.3110000e+01
   2.0904200e+02   2.3120000e+01
   2.0929600e+02   2.3090000e+01
   2.0955000e+02   2.3160000e+01
   2.0980400e+02   2.3110000e+01
   2.1005800e+02   2.3100000e+01
   2.1031200e+02   2.3140000e+01
   2.1056600e+02   2.3180000e+01
   2.1082000e+02   2.3150000e+01
   2.1107400e+02   2.3120000e+01
   2.1132800e+02   2.3120000e+01
   2.1158200e+02   2.3160000e+01
   2.1183600e+02   2.3200000e+01
   2.1209000e+02   2.3180000e+01
   2.1234400e+02   2.3150000e+01
   2.1259800e+02   2.3120000e+01
   2.1285200e+02   2.3130000e+01
   2.1310600e+02   2.3190000e+01
   2.1336000e+02   2.3190000e+01
   2.1361400e+02   2.3190000e+01
   2.1386800e+02   2.3180000e+01
   2.1412200e+02   2.3200000e+01
   2.1437600e+02   2.3160000e+01
   2.1463000e+02   2.3240000e+01
   2.1488400e+02   2.3260000e+01
   2.1513800e+02   2.3270000e+01
   2.1539200e+02   2.3230000e+01
   2.1564600e+02   2.3210000e+01
   2.1590000e+02   2.3230000e+01
   2.1615400e+02   2.3260000e+01
   2.1640800e+02   2.3250000e+01
   2.1666200e+02   2.3240000e+01
   2.1691600e+02   2.3260000e+01
   2.1717000e+02   2.3200000e+01
   2.1742400e+02   2.3150000e+01
   2.1767800e+02   2.3200000e+01
   2.1793200e+02   2.3260000e+01
   2.1818600e+02   2.3250000e+01
   2.1844000e+02   2.3240000e+01
   2.1869400e+02   2.3230000e+01
   2.1894800e+02   2.3260000e+01
   2.1920200e+02   2.3280000e+01
   2.1945600e+02   2.3230000e+01
   2.1971000e+02   2.3220000e+01
   2.1996400e+02   2.3240000e+01
   2.2021800e+02   2.3230000e+01
   2.2047200e+02   2.3180000e+01
   2.2072600e+02   2.3230000e+01
   2.2098000e+02   2.3220000e+01
   2.2123400e+02   2.3250000e+01
   2.2148800e+02   2.3290000e+01
   2.2174200e+02   2.3250000e+01
   2.2199600e+02   2.3300000e+01
   2.2225000e+02   2.3300000e+01
   2.2250400e+02   2.3300000e+01
   2.2275800e+02   2.3270000e+01
   2.2301200e+02   2.3240000e+01
   2.2326600e+02   2.3280000e+01
   2.2352000e+02   2.3280000e+01
   2.2377400e+02   2.3290000e+01
   2.2402800e+02   2.3300000e+01
   2.2428200e+02   2.3310000e+01
   2.2453600e+02   2.3270000e+01
   2.2479000e+02   2.3300000e+01
   2.2504400e+02   2.3320000e+01
   2.2529800e+02   2.3310000e+01
   2.2555200e+02   2.3250000e+01
   2.2580600e+02   2.3290000e+01
   2.2606000e+02   2.3290000e+01
   2.2631400e+02   2.3320000e+01
   2.2656800e+02   2.3310000e+01
   2.2682200e+02   2.3270000e+01
   2.2707600e+02   2.3310000e+01
   2.2733000e+02   2.3320000e+01
   2.2758400e+02   2.3360000e+01
   2.2783800e+02   2.3380000e+01
   2.2809200e+02   2.3360000e+01
   2.2834600e+02   2.3410000e+01
   2.2860000e+02   2.3370000e+01
   2.2885400e+02   2.3390000e+01
   2.2910800e+02   2.3360000e+01
   2.2936200e+02   2.3320000e+01
   2.2961600e+02   2.3320000e+01
   2.2987000e+02   2.3370000e+01
   2.3012400e+02   2.3370000e+01
   2.3037800e+02   2.3390000e+01
   2.3063200e+02   2.3410000e+01
   2.3088600e+02   2.3380000e+01
   2.3114000e+02   2.3390000e+01
   2.3139400e+02   2.3380000e+01
   2.3164800e+02   2.3340000e+01
   2.3190200e+02   2.3390000e+01
   2.3215600e+02   2.3380000e+01
   2.3241000e+02   2.3390000e+01
   2.3266400e+02   2.3370000e+01
   2.3291800e+02   2.3380000e+01
   2.3317200e+02   2.3380000e+01
   2.3342600e+02   2.3420000e+01
   2.3368000e+02   2.3420000e+01
   2.3393400e+02   2.3400000e+01
   2.3418800e+02   2.3420000e+01
   2.3444200e+02   2.3400000e+01
   2.3469600e+02   2.3360000e+01
   2.3495000e+02   2.3390000e+01
   2.3520400e+02   2.3370000e+01
   2.3545800e+02   2.3450000e+01
   2.3571200e+02   2.3470000e+01
   2.3596600e+02   2.3430000e+01
   2.3622000e+02   2.3390000e+01
   2.3647400e+02   2.3420000e+01
   2.3672800e+02   2.3430000e+01
   2.3698200e+02   2.3440000e+01
   2.3723600e+02   2.3450000e+01
   2.3749000e+02   2.3480000e+01
   2.3774400e+02   2.3440000e+01
   2.3799800e+02   2.3510000e+01
   2.3825200e+02   2.3460000e+01
   2.3850600e+02   2.3490000e+01
   2.3876000e+02   2.3500000e+01
   2.3901400e+02   2.3510000e+01
   2.3926800e+02   2.3480000e+01
   2.3952200e+02   2.3520000e+01
   2.3977600e+02   2.3460000e+01
   2.4003000e+02   2.3460000e+01
   2.4028400e+02   2.3490000e+01
   2.4053800e+02   2.3480000e+01
   2.4079200e+02   2.3440000e+01
   2.4104600e+02   2.3440000e+01
   2.4130000e+02   2.3400000e+01
   2.4155400e+02   2.3480000e+01
   2.4180800e+02   2.3530000e+01
   2.4206200e+02   2.3550000e+01
   2.4231600e+02   2.3490000e+01
   2.4257000e+02   2.3540000e+01
   2.4282400e+02   2.3540000e+01
   2.4307800e+02   2.3580000e+01
   2.4333200e+02   2.3620000e+01
   2.4358600e+02   2.3620000e+01
   2.4384000e+02   2.3590000e+01
   2.4409400e+02   2.3570000e+01
   2.4434800e+02   2.3540000e+01
   2.4460200e+02   2.3570000e+01
   2.4485600e+02   2.3570000e+01
   2.4511000e+02   2.3600000e+01
   2.4536400e+02   2.3590000e+01
   2.4561800e+02   2.3660000e+01
   2.4587200e+02   2.3620000e+01
   2.4612600e+02   2.3590000e+01
   2.4638000e+02   2.3610000e+01
   2.4663400e+02   2.3620000e+01
   2.4688800e+02   2.3660000e+01
   2.4714200e+02   2.3670000e+01
   2.4739600e+02   2.3660000e+01
   2.4765000e+02   2.3690000e+01
   2.4790400e+02   2.3660000e+01
   2.4815800e+02   2.3640000e+01
   2.4841200e+02   2.3640000e+01
   2.4866600e+02   2.3680000e+01
   2.4892000e+02   2.3660000e+01
   2.4917400e+02   2.3650000e+01
   2.4942800e+02   2.3650000e+01
   2.4968200e+02   2.3660000e+01
   2.4993600e+02   2.3680000e+01
   2.5019000e+02   2.3680000e+01
   2.5044400e+02   2.3670000e+01
   2.5069800e+02   2.3670000e+01
   2.5095200e+02   2.3630000e+01
   2.5120600e+02   2.3670000e+01
   2.5146000e+02   2.3670000e+01
   2.5171400e+02   2.3680000e+01
   2.5196800e+02   2.3650000e+01
   2.5222200e+02   2.3640000e+01
   2.5247600e+02   2.3660000e+01
   2.5273000e+02   2.3710000e+01
   2.5298400e+02   2.3680000e+01
   2.5323800e+02   2.3650000e+01
   2.5349200e+02   2.3670000e+01
   2.5374600e+02   2.3700000e+01
   2.5400000e+02   2.3690000e+01
   2.5425400e+02   2.3700000e+01
   2.5450800e+02   2.3730000e+01
   2.5476200e+02   2.3760000e+01
   2.5501600e+02   2.3780000e+01
   2.5527000e+02   2.3760000e+01
   2.5552400e+02   2.3730000e+01
   2.5577800e+02   2.3750000e+01
   2.5603200e+02   2.3730000e+01
   2.5628600e+02   2.3720000e+01
   2.5654000e+02   2.3710000e+01
   2.5679400e+02   2.3770000e+01
   2.5704800e+02   2.3710000e+01
   2.5730200e+02   2.3720000e+01
   2.5755600e+02   2.3740000e+01
   2.5781000e+02   2.3710000e+01
   2.5806400e+02   2.3680000e+01
   2.5831800e+02   2.3690000e+01
   2.5857200e+02   2.3700000e+01
   2.5882600e+02   2.3720000e+01
   2.5908000e+02   2.3730000e+01
   2.5933400e+02   2.3780000e+01
   2.5958800e+02   2.3790000e+01
   2.5984200e+02   2.3770000e+01
   2.6009600e+02   2.3800000e+01
   2.6035000e+02   2.3830000e+01
   2.6060400e+02   2.3790000e+01
   2.6085800e+02   2.3810000e+01
   2.6111200e+02   2.3760000e+01
   2.6136600e+02   2.3750000e+01
   2.6162000e+02   2.3810000e+01
   2.6187400e+02   2.3860000e+01
   2.6212800e+02   2.3820000e+01
   2.6238200e+02   2.3800000e+01
   2.6263600e+02   2.3810000e+01
   2.6289000e+02   2.3820000e+01
   2.6314400e+02   2.3770000e+01
   2.6339800e+02   2.3820000e+01
   2.6365200e+02   2.3840000e+01
   2.6390600e+02   2.3780000e+01
   2.6416000e+02   2.3790000e+01
   2.6441400e+02   2.3810000e+01
   2.6466800e+02   2.3780000e+01
   2.6492200e+02   2.3760000e+01
   2.6517600e+02   2.3770000e+01
   2.6543000e+02   2.3850000e+01
   2.6568400e+02   2.3830000e+01
   2.6593800e+02   2.3800000e+01
   2.6619200e+02   2.3780000e+01
   2.6644600e+02   2.3800000e+01
   2.6670000e+02   2.3790000e+01
   2.6695400e+02   2.3800000e+01
   2.6720800e+02   2.3790000e+01
   2.6746200e+02   2.3810000e+01
   2.6771600e+02   2.3800000e+01
   2.6797000e+02   2.3830000e+01
   2.6822400e+02   2.3780000e+01
   2.6847800e+02   2.3810000e+01
   2.6873200e+02   2.3830000e+01
   2.6898600e+02   2.3830000e+01
   2.6924000e+02   2.3820000e+01
   2.6949400e+02   2.3840000e+01
   2.6974800e+02   2.3820000e+01
   2.7000200e+02   2.3850000e+01
   2.7025600e+02   2.3820000e+01
   2.7051000e+02   2.3840000e+01
   2.7076400e+02   2.3870000e+01
   2.7101800e+02   2.3880000e+01
   2.7127200e+02   2.3830000e+01
   2.7152600e+02   2.3870000e+01
   2.7178000e+02   2.3860000e+01
   2.7203400e+02   2.3830000e+01
   2.7228800e+02   2.3840000e+01
   2.7254200e+02   2.3840000e+01
   2.7279600e+02   2.3840000e+01
   2.7305000e+02   2.3870000e+01
   2.7330400e+02   2.3850000e+01
   2.7355800e+02   2.3880000e+01
   2.7381200e+02   2.3860000e+01
   2.7406600e+02   2.3880000e+01
   2.7432000e+02   2.3870000e+01
   2.7457400e+02   2.3880000e+01
   2.7482800e+02   2.3880000e+01
   2.7508200e+02   2.3850000e+01
   2.7533600e+02   2.3860000e+01
   2.7559000e+02   2.3880000e+01
   2.7584400e+02   2.3890000e+01
   2.7609800e+02   2.3900000e+01
   2.7635200e+02   2.3840000e+01
   2.7660600e+02   2.3920000e+01
   2.7686000e+02   2.3910000e+01
   2.7711400e+02   2.3860000e+01
   2.7736800e+02   2.3880000e+01
   2.7762200e+02   2.3930000e+01
   2.7787600e+02   2.3930000e+01
   2.7813000e+02   2.3930000e+01
   2.7838400e+02   2.3900000e+01
   2.7863800e+02   2.3930000e+01
   2.7889200e+02   2.3950000e+01
   2.7914600e+02   2.3920000e+01
   2.7940000e+02   2.3910000e+01
   2.7965400e+02   2.3920000e+01
   2.7990800e+02   2.3920000e+01
   2.8016200e+02   2.3940000e+01
   2.8041600e+02   2.3970000e+01
   2.8067000e+02   2.3940000e+01
   2.8092400e+02   2.3940000e+01
   2.8117800e+02   2.3950000e+01
   2.8143200e+02   2.3980000e+01
   2.8168600e+02   2.4000000e+01
   2.8194000e+02   2.3910000e+01
   2.8219400e+02   2.3960000e+01
   2.8244800e+02   2.4020000e+01
   2.8270200e+02   2.4020000e+01
   2.8295600e+02   2.3970000e+01
   2.8321000e+02   2.3960000e+01
   2.8346400e+02   2.3970000e+01
   2.8371800e+02   2.4010000e+01
   2.8397200e+02   2.4040000e+01
   2.8422600e+02   2.4050000e+01
   2.8448000e+02   2.3960000e+01
   2.8473400e+02   2.3960000e+01
   2.8498800e+02   2.3960000e+01
   2.8524200e+02   2.3960000e+01
   2.8549600e+02   2.4010000e+01
   2.8575000e+02   2.4010000e+01
   2.8600400e+02   2.3990000e+01
   2.8625800e+02   2.4030000e+01
   2.8651200e+02   2.4000000e+01
   2.8676600e+02   2.4000000e+01
   2.8702000e+02   2.3960000e+01
   2.8727400e+02   2.4010000e+01
   2.8752800e+02   2.4010000e+01
   2.8778200e+02   2.4020000e+01
   2.8803600e+02   2.4040000e+01
   2.8829000e+02   2.4060000e+01
   2.8854400e+02   2.4030000e+01
   2.8879800e+02   2.4010000e+01
   2.8905200e+02   2.4040000e+01
   2.8930600e+02   2.4090000e+01
   2.8956000e+02   2.4040000e+01
   2.8981400e+02   2.4010000e+01
   2.9006800e+02   2.4000000e+01
   2.9032200e+02   2.4040000e+01
   2.9057600e+02   2.4030000e+01
   2.9083000e+02   2.4060000e+01
   2.9108400e+02   2.4060000e+01
   2.9133800e+02   2.4050000e+01
   2.9159200e+02   2.4060000e+01
   2.9184600e+02   2.4020000e+01
   2.9210000e+02   2.4040000e+01
   2.9235400e+02   2.4070000e+01
   2.9260800e+02   2.4080000e+01
   2.9286200e+02   2.4070000e+01
   2.9311600e+02   2.4110000e+01
   2.9337000e+02   2.4120000e+01
   2.9362400e+02   2.4070000e+01
   2.9387800e+02   2.4080000e+01
   2.9413200e+02   2.4070000e+01
   2.9438600e+02   2.4120000e+01
   2.9464000e+02   2.4100000e+01
   2.9489400e+02   2.4130000e+01
   2.9514800e+02   2.4070000e+01
   2.9540200e+02   2.4070000e+01
   2.9565600e+02   2.4040000e+01
   2.9591000e+02   2.4030000e+01
   2.9616400e+02   2.4090000e+01
   2.9641800e+02   2.4140000e+01
   2.9667200e+02   2.4130000e+01
   2.9692600e+02   2.4100000e+01
   2.9718000e+02   2.4040000e+01
   2.9743400e+02   2.4100000e+01
   2.9768800e+02   2.4080000e+01
   2.9794200e+02   2.4130000e+01
   2.9819600e+02   2.4120000e+01
   2.9845000e+02   2.4100000e+01
